#time,accel_x,accel_y,accel_z
22553.910257,9400.615463,-9178.553681,3600.648841
22553.910590,7994.224174,-8142.265362,1685.410096
22553.910924,7254.018232,-9030.512492,-766.095498
22553.911257,5625.565159,-10214.842000,-1838.629195
22553.911591,5255.462188,-10658.965565,-4060.306139
22553.911925,3552.988522,-9548.656652,-3064.381992
22553.912258,7031.956449,-11843.295072,-1302.362347
22553.912592,7031.956449,-7846.182985,-2451.505594
22553.912925,9474.636058,-8956.491898,3677.258390
22553.913259,12953.603985,-7550.100608,3907.087040
22553.913592,12139.377449,-7476.080014,5362.668486
22553.913926,12805.562797,-8586.388927,4060.306139
22553.914259,12435.459826,-8512.368333,3064.381992
22553.914593,9474.636058,-8068.244768,153.219100
22553.914927,5921.647536,-12213.398043,1149.143247
22553.915260,1702.473667,-12657.521608,-5286.058936
22553.915594,-370.102971,-12287.418637,-7354.516781
22553.915927,74.020594,-11843.295072,-1302.362347
22553.916261,962.267725,-7920.203579,0.000000
22553.916594,4441.235652,-5847.626942,2298.286494
22553.916928,8364.327145,-5477.523971,7201.297681
22553.917261,11843.295072,-4219.173869,9193.145976
22553.917595,12583.501014,-5255.462188,7967.393179
22553.917929,14137.933492,-9474.636058,6052.154434
22553.918262,12361.439231,-7402.059420,-919.314598
22553.918596,8290.306550,-9844.739029,-3677.258390
22553.918929,7624.121203,-14063.912898,-4979.620737
22553.919263,2664.741391,-12213.398043,-8580.269578
22553.919596,3701.029710,-13989.892304,-7814.174080
22553.919930,5181.441594,-11399.171507,-3140.991542
22553.920263,5107.421000,-12361.439231,-306.438199
22553.920597,8290.306550,-8660.409521,2451.505594
22553.920931,11917.315666,-4959.379811,6665.030833
22553.921264,14359.995275,-5477.523971,10801.946522
22553.921598,15396.283594,-3478.967927,10342.289223
22553.921931,12657.521608,-6513.812290,4826.401637
22553.922265,10584.944971,-9178.553681,919.314598
22553.922598,5033.400406,-11177.109724,-1608.800546
22553.922932,5847.626942,-13619.789333,-3753.867940
22553.923265,1036.288319,-11621.233289,-8427.050478
22553.923599,2886.803174,-11251.130318,-5592.497135
22553.923933,4589.276840,-8364.327145,-2911.162892
22553.924266,9400.615463,-8290.306550,1149.143247
22553.924600,10288.862594,-6883.915261,1762.019645
22553.924933,9770.718434,-7772.162391,2604.724693
22553.925267,14137.933492,-8364.327145,612.876398
22553.925600,15914.427753,-9474.636058,4519.963438
22553.925934,13545.768739,-8290.306550,1762.019645
22553.926267,10584.944971,-9548.656652,612.876398
22553.926601,9474.636058,-9844.739029,919.314598
22553.926935,9474.636058,-9252.574275,459.657299
22553.927268,9992.780217,-9992.780217,76.609550
22553.927602,11991.336260,-7698.141797,229.828649
22553.927935,12953.603985,-9326.594869,-76.609550
22553.928269,10288.862594,-6587.832884,-2145.067394
22553.928602,12657.521608,-11843.295072,-2834.553343
22553.928936,7402.059420,-10732.986159,-4136.915689
22553.929269,11029.068536,-11251.130318,-76.609550
22553.929603,12953.603985,-11251.130318,1532.190996
22553.929937,12509.480420,-10066.800811,2987.772442
22553.930270,13767.830521,-8660.409521,5132.839837
22553.930604,13471.748144,-6439.791695,4060.306139
22553.930937,14211.954086,-6661.853478,3983.696590
22553.931271,10658.965565,-10436.903782,3830.477490
22553.931604,9400.615463,-8364.327145,-2145.067394
22553.931938,5329.482782,-8364.327145,-2451.505594
22553.932271,9474.636058,-7476.080014,-2374.896044
22553.932605,10214.842000,-8586.388927,-3140.991542
22553.932939,12361.439231,-9400.615463,-1838.629195
22553.933272,11251.130318,-11473.192101,153.219100
22553.933606,9104.533087,-11843.295072,459.657299
22553.933939,8660.409521,-10066.800811,-76.609550
22553.934273,11769.274478,-10658.965565,3600.648841
22553.934606,11917.315666,-5107.421000,4903.011187
22553.934940,14211.954086,-5403.503377,4903.011187
22553.935273,12583.501014,-10510.924376,4826.401637
22553.935607,7031.956449,-8882.471304,-766.095498
22553.935941,6439.791695,-10066.800811,-536.266849
22553.936274,6513.812290,-6883.915261,-3830.477490
22553.936608,6513.812290,-8364.327145,-4903.011187
22553.936941,6365.771101,-7328.038826,-5056.230287
22553.937275,7624.121203,-10658.965565,-4213.525239
22553.937608,8438.347739,-10436.903782,-306.438199
22553.937942,10436.903782,-9030.512492,1532.190996
22553.938275,13619.789333,-8808.450710,4979.620737
22553.938609,11843.295072,-8364.327145,5515.887586
22553.938943,11325.150913,-9178.553681,2374.896044
22553.939276,10584.944971,-10658.965565,1149.143247
22553.939610,9474.636058,-8364.327145,5056.230287
22553.939943,11177.109724,-6365.771101,2834.553343
22553.940277,8808.450710,-7179.997637,-3064.381992
22553.940610,3478.967927,-9770.718434,-6435.202183
22553.940944,2516.700203,-12361.439231,-6435.202183
22553.941277,7920.203579,-9178.553681,-2451.505594
22553.941611,13545.768739,-9178.553681,4136.915689
22553.941945,15174.221811,-8290.306550,4519.963438
22553.942278,10955.047942,-7772.162391,4903.011187
22553.942612,9474.636058,-10140.821405,5209.449386
22553.942945,14730.098246,-7994.224174,2374.896044
22553.943279,12435.459826,-9548.656652,4903.011187
22553.943612,11177.109724,-7698.141797,-1838.629195
22553.943946,7476.080014,-13471.748144,-2221.676944
22553.944279,7550.100608,-10510.924376,153.219100
22553.944613,4663.297435,-9918.759623,-1762.019645
22553.944947,8808.450710,-4737.318029,-3753.867940
22553.945280,7105.977043,-7772.162391,2451.505594
22553.945614,13545.768739,-5773.606348,4213.525239
22553.945947,15322.262999,-9474.636058,4213.525239
22553.946281,12361.439231,-8882.471304,2987.772442
22553.946614,14211.954086,-7846.182985,2681.334243
22553.946948,10881.027347,-7772.162391,-1378.971896
22553.947281,13693.809927,-11695.253884,-842.705048
22553.947615,5921.647536,-11917.315666,-3064.381992
22553.947949,5847.626942,-14285.974681,-3677.258390
22553.948282,3256.906145,-5403.503377,-3677.258390
22553.948616,11621.233289,-13027.624579,2987.772442
22553.948949,13545.768739,-5329.482782,3600.648841
22553.949283,11843.295072,-7772.162391,3370.820191
22553.949616,15322.262999,-4293.194464,2528.115143
22553.949950,7994.224174,-11917.315666,1991.848295
22553.950283,12583.501014,-6439.791695,995.924147
22553.950617,12953.603985,-10362.883188,1762.019645
22553.950951,9474.636058,-9548.656652,2145.067394
22553.951284,9400.615463,-10658.965565,-383.047749
22553.951618,7624.121203,-11843.295072,-3753.867940
22553.951951,5329.482782,-9548.656652,-2451.505594
22553.952285,4737.318029,-7772.162391,-2451.505594
22553.952618,10140.821405,-9474.636058,-153.219100
22553.952952,6513.812290,-10140.821405,1455.581446
22553.953285,10436.903782,-5847.626942,1149.143247
22553.953619,11177.109724,-9474.636058,6971.469032
22553.953953,11251.130318,-3775.050304,4826.401637
22553.954286,11399.171507,-8512.368333,229.828649
22553.954620,12509.480420,-10584.944971,3677.258390
22553.954953,11103.089130,-7031.956449,-3524.039291
22553.955287,10881.027347,-11843.295072,-76.609550
22553.955620,4737.318029,-9548.656652,-6128.763984
22553.955954,5921.647536,-11917.315666,-689.485948
22553.956287,8216.285956,-10658.965565,-1302.362347
22553.956621,5995.668130,-8660.409521,-3370.820191
22553.956955,8216.285956,-12731.542202,-2221.676944
22553.957288,2368.659014,-12065.356855,4826.401637
22553.957622,8660.409521,-5181.441594,3064.381992
22553.957955,8216.285956,-8882.471304,7277.907231
22553.958289,11177.109724,-1776.494261,5132.839837
22553.958622,3552.988522,-8364.327145,5132.839837
22553.958956,6069.688724,-6735.874072,3294.210641
22553.959289,4663.297435,-7550.100608,-4673.182538
22553.959623,592.164754,-12213.398043,-1838.629195
22553.959957,4663.297435,-7105.977043,-6358.592633
22553.960290,-3034.844362,-14582.057057,-5669.106685
22553.960624,2886.803174,-11103.089130,-5209.449386
22553.960957,444.123565,-10881.027347,-1072.533697
22553.961291,1480.411884,-11029.068536,-2451.505594
22553.961624,5921.647536,-11473.192101,9729.412825
22553.961958,8216.285956,-6217.729913,7890.783629
22553.962291,10584.944971,-4885.359217,6128.763984
22553.962625,7402.059420,-7105.977043,9729.412825
22553.962959,3997.112087,-5107.421000,459.657299
22553.963292,5625.565159,-6069.688724,1991.848295
22553.963626,2738.761985,-8438.347739,-4443.353888
22553.963959,1850.514855,-9622.677246,-5362.668486
22553.964293,-3404.947333,-13619.789333,-2604.724693
22553.964626,-74.020594,-11547.212695,-5592.497135
22553.964960,-1850.514855,-11473.192101,-7660.954980
22553.965293,0.000000,-10732.986159,-4290.134789
22553.965627,5033.400406,-8290.306550,2374.896044
22553.965961,3849.070898,-9548.656652,6741.640382
22553.966294,9992.780217,-4145.153275,7277.907231
22553.966628,7624.121203,-9326.594869,8273.831378
22553.966961,11843.295072,-4515.256246,8427.050478
22553.967295,9400.615463,-8438.347739,2374.896044
22553.967628,2590.720797,-15174.221811,0.000000
22553.967962,1850.514855,-6439.791695,-4749.792088
22553.968295,-2738.761985,-12583.501014,-6818.249932
22553.968629,592.164754,-7179.997637,-3524.039291
22553.968963,-370.102971,-9326.594869,-5362.668486
22553.969296,296.082377,-13027.624579,-76.609550
22553.969630,-1036.288319,-13027.624579,3600.648841
22553.969963,-1258.350101,-8290.306550,1685.410096
22553.970297,1554.432478,-4737.318029,3907.087040
22553.970630,5699.585753,-5551.544565,6128.763984
22553.970964,5403.503377,-4737.318029,4060.306139
22553.971297,-1036.288319,-11769.274478,3140.991542
22553.971631,3256.906145,-4959.379811,-919.314598
22553.971965,2294.638420,-11621.233289,-6128.763984
22553.972298,3478.967927,-11843.295072,-2528.115143
22553.972632,3775.050304,-8660.409521,-3447.429741
22553.972965,-1480.411884,-10732.986159,-3677.258390
22553.973299,1184.329507,-15470.304188,612.876398
22553.973632,-1184.329507,-9252.574275,-995.924147
22553.973966,1480.411884,-12287.418637,2528.115143
22553.974299,592.164754,-9474.636058,4596.572988
22553.974633,1406.391290,-7994.224174,4826.401637
22553.974967,0.000000,-1850.514855,3983.696590
22553.975300,1998.556043,-8290.306550,3600.648841
22553.975634,1924.535449,-74.020594,1532.190996
22553.975967,-1258.350101,-12879.583391,2374.896044
22553.976301,-74.020594,-7994.224174,-4060.306139
22553.976634,-5847.626942,-13841.851115,-6205.373534
22553.976968,-5329.482782,-10658.965565,-6894.859482
22553.977301,-2220.617826,-11399.171507,-3064.381992
22553.977635,0.000000,-13323.706956,766.095498
22553.977969,4515.256246,-12065.356855,8503.660028
22553.978302,444.123565,-7772.162391,3677.258390
22553.978636,0.000000,-10732.986159,7354.516781
22553.978969,4663.297435,-4145.153275,3294.210641
22553.979303,2368.659014,-2442.679609,3217.601092
22553.979636,-2146.597232,-8734.430116,612.876398
22553.979970,-4737.318029,-9770.718434,-3064.381992
22553.980303,-7772.162391,-10658.965565,-4366.744339
22553.980637,-2516.700203,-5995.668130,-3447.429741
22553.980971,-74.020594,-6513.812290,-3753.867940
22553.981304,-4737.318029,-14285.974681,-306.438199
22553.981638,1110.308913,-10066.800811,-76.609550
22553.981971,-1258.350101,-12287.418637,0.000000
22553.982305,2960.823768,-4811.338623,2451.505594
22553.982638,4663.297435,-9918.759623,2068.457845
22553.982972,4515.256246,-7254.018232,1455.581446
22553.983305,3923.091493,-11695.253884,4979.620737
22553.983639,1184.329507,-8068.244768,1762.019645
22553.983973,4663.297435,-9474.636058,0.000000
22553.984306,-3330.926739,-9474.636058,1762.019645
22553.984640,-2664.741391,-2886.803174,-7737.564530
22553.984973,-7105.977043,-15618.345376,-3140.991542
22553.985307,-2368.659014,-7179.997637,-2451.505594
22553.985640,-74.020594,-9474.636058,-995.924147
22553.985974,1258.350101,-8512.368333,3294.210641
22553.986307,1184.329507,-6291.750507,4290.134789
22553.986641,1406.391290,-10066.800811,1762.019645
22553.986975,3627.009116,-4219.173869,2757.943793
22553.987308,7624.121203,-8364.327145,842.705048
22553.987642,4959.379811,-13323.706956,2374.896044
22553.987975,3923.091493,-10362.883188,1762.019645
22553.988309,-74.020594,-12731.542202,-1915.238745
22553.988642,-666.185348,-9474.636058,-3294.210641
22553.988976,444.123565,-10066.800811,-1608.800546
22553.989309,-666.185348,-10658.965565,-2528.115143
22553.989643,-5773.606348,-8956.491898,-2451.505594
22553.989977,-74.020594,-10140.821405,4213.525239
22553.990310,3182.885551,-4811.338623,4290.134789
22553.990644,5255.462188,-7698.141797,8427.050478
22553.990977,4515.256246,-4737.318029,4519.963438
22553.991311,-2960.823768,-9548.656652,0.000000
22553.991644,-666.185348,-4811.338623,-4596.572988
22553.991978,1184.329507,-9474.636058,-3447.429741
22553.992311,2590.720797,-10510.924376,-2221.676944
22553.992645,-666.185348,-9770.718434,-3983.696590
22553.992979,-3108.864956,-14211.954086,-3140.991542
22553.993312,-3997.112087,-13619.789333,-2681.334243
22553.993646,-2220.617826,-9622.677246,-2681.334243
22553.993979,2590.720797,-6735.874072,2757.943793
22553.994313,1628.453072,-9474.636058,5669.106685
22553.994646,0.000000,-5995.668130,7354.516781
22553.994980,3182.885551,-10658.965565,7890.783629
22553.995314,5255.462188,-2442.679609,8580.269578
22553.995647,592.164754,-3182.885551,3677.258390
22553.995981,-1036.288319,-9770.718434,-4903.011187
22553.996314,-6883.915261,-11843.295072,-5439.278036
22553.996648,-9474.636058,-9992.780217,-12027.699319
22553.996981,-2960.823768,-13397.727550,-3370.820191
22553.997315,-2442.679609,-8586.388927,-1915.238745
22553.997648,-2960.823768,-12139.377449,-2528.115143
22553.997982,-2738.761985,-11473.192101,919.314598
22553.998316,0.000000,-10140.821405,5515.887586
22553.998649,2294.638420,-9474.636058,7277.907231
22553.998983,7254.018232,-3256.906145,7967.393179
22553.999316,3404.947333,-7105.977043,5132.839837
22553.999650,3552.988522,-5255.462188,842.705048
22553.999983,3627.009116,-14063.912898,4826.401637
22554.000317,1998.556043,-6513.812290,-1915.238745
22554.000650,222.061783,-12435.459826,-3370.820191
22554.000983,-9474.636058,-11991.336260,-6971.469032
22554.001316,-9030.512492,-12731.542202,-7354.516781
22554.001650,-3404.947333,-4737.318029,-4673.182538
22554.001983,-74.020594,-10955.047942,-2834.553343
22554.002316,6143.709319,-9178.553681,8503.660028
22554.002649,5847.626942,-7994.224174,5439.278036
22554.002983,1332.370696,-12805.562797,5132.839837
22554.003316,7698.141797,-5107.421000,4596.572988
22554.003649,4663.297435,-10510.924376,3447.429741
22554.003982,8216.285956,-5921.647536,-689.485948
22554.004316,444.123565,-10214.842000,-3447.429741
22554.004649,-6365.771101,-15618.345376,-6818.249932
22554.004982,1776.494261,-8956.491898,-1685.410096
22554.005315,1702.473667,-12435.459826,2374.896044
22554.005649,1184.329507,-3627.009116,-2834.553343
22554.005982,-4737.318029,-13101.645173,2374.896044
22554.006315,666.185348,-5921.647536,-76.609550
22554.006649,4145.153275,-9252.574275,5056.230287
22554.006982,9992.780217,-3997.112087,9116.536426
22554.007315,4441.235652,-8882.471304,4826.401637
22554.007648,-1110.308913,-9474.636058,1149.143247
22554.007982,1110.308913,-9474.636058,-3753.867940
22554.008315,-5403.503377,-11325.150913,-4903.011187
22554.008648,1184.329507,-7920.203579,-2528.115143
22554.008981,-2442.679609,-11843.295072,-3140.991542
22554.009315,-2442.679609,-7476.080014,-5592.497135
22554.009648,-3330.926739,-11325.150913,-2451.505594
22554.009981,2886.803174,-7994.224174,1455.581446
22554.010314,1776.494261,-9696.697840,4749.792088
22554.010648,1702.473667,-5995.668130,3064.381992
22554.010981,-2368.659014,-11917.315666,1225.752797
22554.011314,-592.164754,-7402.059420,7814.174080
22554.011647,4663.297435,-2072.576638,-2528.115143
22554.011981,3552.988522,-10140.821405,6358.592633
22554.012314,-74.020594,-10214.842000,-76.609550
22554.012647,-4219.173869,-13915.871710,-6894.859482
22554.012980,-4515.256246,-14804.118840,-3753.867940
22554.013314,-3923.091493,-9474.636058,-5515.887586
22554.013647,-1628.453072,-11621.233289,0.000000
22554.013980,-666.185348,-7994.224174,-76.609550
22554.014314,-2960.823768,-11473.192101,2068.457845
22554.014647,-2442.679609,-11843.295072,3600.648841
22554.014980,2368.659014,-3627.009116,11338.213370
22554.015313,2738.761985,-3256.906145,9729.412825
22554.015647,3478.967927,-1924.535449,-2451.505594
22554.015980,1332.370696,-10658.965565,-76.609550
22554.016313,-666.185348,-9696.697840,-1838.629195
22554.016646,2960.823768,-11177.109724,-2145.067394
22554.016980,-1258.350101,-14211.954086,-1608.800546
22554.017313,-2146.597232,-11843.295072,-7737.564530
22554.017646,-7698.141797,-16802.674883,-5822.325785
22554.017979,-740.205942,-7328.038826,-2911.162892
22554.018313,1258.350101,-8956.491898,3294.210641
22554.018646,6439.791695,-7105.977043,10572.117872
22554.018979,0.000000,-4811.338623,5822.325785
22554.019312,814.226536,-10658.965565,4826.401637
22554.019646,5107.421000,-2368.659014,1762.019645
22554.019979,4737.318029,-3627.009116,3677.258390
22554.020312,4219.173869,-8364.327145,3064.381992
22554.020645,-1258.350101,-8290.306550,-5669.106685
22554.020979,-9400.615463,-17542.880825,-10418.898773
22554.021312,518.144159,-5699.585753,-7890.783629
22554.021645,-5921.647536,-17838.963202,-4060.306139
22554.021979,4367.215058,-5921.647536,-76.609550
22554.022312,-1258.350101,-14211.954086,-2681.334243
22554.022645,-2368.659014,-12509.480420,3677.258390
22554.022978,9400.615463,-4737.318029,9116.536426
22554.023312,3701.029710,-8364.327145,8733.488677
22554.023645,9844.739029,-2368.659014,8963.317327
22554.023978,-2368.659014,-7402.059420,-612.876398
22554.024311,3404.947333,-9252.574275,306.438199
22554.024645,-1776.494261,-10140.821405,-1225.752797
22554.024978,3478.967927,-10066.800811,-2987.772442
22554.025311,-3552.988522,-8364.327145,-2451.505594
22554.025644,-3552.988522,-13471.748144,-4979.620737
22554.025978,-5995.668130,-11251.130318,-6511.811733
22554.026311,814.226536,-9918.759623,1455.581446
22554.026644,6883.915261,-7698.141797,4060.306139
22554.026977,2590.720797,-4663.297435,7890.783629
22554.027311,-1776.494261,-12435.459826,0.000000
22554.027644,-74.020594,-9474.636058,5439.278036
22554.027977,-1258.350101,-3923.091493,-2451.505594
22554.028310,0.000000,-9474.636058,2374.896044
22554.028644,2294.638420,-6809.894666,-76.609550
22554.028977,-3552.988522,-7179.997637,-3677.258390
22554.029310,-518.144159,-10066.800811,-1302.362347
22554.029644,518.144159,-9400.615463,-919.314598
22554.029977,-222.061783,-15322.262999,-2145.067394
22554.030310,-1406.391290,-9400.615463,306.438199
22554.030643,-1850.514855,-12435.459826,-1302.362347
22554.030977,0.000000,-8586.388927,3447.429741
22554.031310,3552.988522,-6069.688724,4519.963438
22554.031643,3701.029710,-8734.430116,7890.783629
22554.031976,0.000000,-3034.844362,0.000000
22554.032310,1480.411884,-12287.418637,-76.609550
22554.032643,-4367.215058,-11325.150913,-2298.286494
22554.032976,-2368.659014,-8364.327145,-1072.533697
22554.033309,-3923.091493,-10066.800811,-2604.724693
22554.033643,-6513.812290,-7772.162391,-8427.050478
22554.033976,-222.061783,-11251.130318,-2374.896044
22554.034309,-1998.556043,-12731.542202,3830.477490
22554.034642,7920.203579,-5329.482782,4826.401637
22554.034976,2294.638420,-9474.636058,9729.412825
22554.035309,4663.297435,-7105.977043,6665.030833
22554.035642,2664.741391,-5403.503377,612.876398
22554.035975,6735.874072,-8290.306550,2374.896044
22554.036309,7031.956449,-10066.800811,-383.047749
22554.036642,2368.659014,-8586.388927,-2757.943793
22554.036975,-1850.514855,-13767.830521,-6588.421283
22554.037309,-7105.977043,-14582.057057,-6665.030833
22554.037642,-3256.906145,-11621.233289,-6588.421283
22554.037975,518.144159,-10807.006753,-842.705048
22554.038308,-814.226536,-9474.636058,2374.896044
22554.038642,2368.659014,-74.020594,7354.516781
22554.038975,2664.741391,-10288.862594,10189.070123
22554.039308,7254.018232,-3552.988522,7431.126331
22554.039641,6809.894666,-7550.100608,7354.516781
22554.039975,1702.473667,-7328.038826,0.000000
22554.040308,2368.659014,-6883.915261,-5056.230287
22554.040641,-4737.318029,-15988.448347,-8044.002729
22554.040974,0.000000,-11325.150913,-3370.820191
22554.041308,-2442.679609,-11251.130318,-5286.058936
22554.041641,-3404.947333,-11917.315666,-2451.505594
22554.041974,-4737.318029,-10584.944971,-4366.744339
22554.042307,370.102971,-10436.903782,153.219100
22554.042641,2368.659014,-5995.668130,6128.763984
22554.042974,1776.494261,-8142.265362,9116.536426
22554.043307,2886.803174,-3330.926739,3753.867940
22554.043640,296.082377,-8068.244768,2757.943793
22554.043974,2886.803174,-11843.295072,2374.896044
22554.044307,3849.070898,-666.185348,1225.752797
22554.044640,-1850.514855,-16580.613101,-76.609550
22554.044974,-2220.617826,-1776.494261,-6358.592633
22554.045307,-7105.977043,-13101.645173,-4749.792088
22554.045640,-2368.659014,-11621.233289,-6741.640382
22554.045973,1776.494261,-10732.986159,-842.705048
22554.046307,-5477.523971,-14285.974681,-3600.648841
22554.046640,4441.235652,-4737.318029,3370.820191
22554.046973,-3627.009116,-14211.954086,2374.896044
22554.047306,5033.400406,-5403.503377,8427.050478
22554.047640,2368.659014,-5477.523971,6894.859482
22554.047973,5033.400406,-5403.503377,4749.792088
22554.048306,2294.638420,-5477.523971,2528.115143
22554.048639,-2738.761985,-9178.553681,-2528.115143
22554.048973,-3552.988522,-10881.027347,-1915.238745
22554.049306,-2442.679609,-14211.954086,-1915.238745
22554.049639,888.247130,-5995.668130,-3064.381992
22554.049972,-740.205942,-7476.080014,-3677.258390
22554.050306,-1258.350101,-14211.954086,-3753.867940
22554.050639,-1110.308913,-11621.233289,-2681.334243
22554.050972,1184.329507,-12213.398043,5898.935335
22554.051306,3404.947333,-4219.173869,3677.258390
22554.051639,592.164754,-5403.503377,5209.449386
22554.051972,0.000000,-6883.915261,4443.353888
22554.052305,4663.297435,-8512.368333,689.485948
22554.052639,2960.823768,-5403.503377,3064.381992
22554.052972,4145.153275,-10584.944971,842.705048
22554.053305,-3923.091493,-9548.656652,-4290.134789
22554.053638,-5477.523971,-11843.295072,-5592.497135
22554.053972,-4441.235652,-13101.645173,-4903.011187
22554.054305,1998.556043,-7846.182985,-1608.800546
22554.054638,2590.720797,-12287.418637,2528.115143
22554.054971,3701.029710,-9474.636058,7277.907231
22554.055305,-1850.514855,-7031.956449,1302.362347
22554.055638,2368.659014,-5995.668130,3064.381992
22554.055971,7105.977043,-8882.471304,8810.098227
22554.056304,5921.647536,-3034.844362,3370.820191
22554.056638,1110.308913,-9770.718434,-1378.971896
22554.056971,-1924.535449,-10955.047942,-2681.334243
22554.057304,-1480.411884,-10436.903782,-4519.963438
22554.057637,-2294.638420,-11695.253884,-3753.867940
22554.057971,1110.308913,-13915.871710,-2834.553343
22554.058304,-7772.162391,-10732.986159,-6128.763984
22554.058637,-1776.494261,-8364.327145,-1149.143247
22554.058971,-296.082377,-10584.944971,6665.030833
22554.059304,7624.121203,-3256.906145,8503.660028
22554.059637,1036.288319,-6143.709319,7354.516781
22554.059970,4515.256246,-5625.565159,5209.449386
22554.060304,3775.050304,-6883.915261,1225.752797
22554.060637,0.000000,-11325.150913,2604.724693
22554.060970,4071.132681,-2442.679609,-3677.258390
22554.061303,-7179.997637,-18949.272115,-2451.505594
22554.061637,-2146.597232,-12731.542202,-6205.373534
22554.061970,-10066.800811,-11325.150913,-10418.898773
22554.062303,-4219.173869,-11547.212695,-3753.867940
22554.062636,0.000000,-9326.594869,-536.266849
22554.062970,296.082377,-10214.842000,6665.030833
22554.063303,1036.288319,-5847.626942,6358.592633
22554.063636,2368.659014,-9548.656652,6741.640382
22554.063969,10436.903782,-74.020594,9193.145976
22554.064303,4219.173869,-7772.162391,6052.154434
22554.064636,6069.688724,-5921.647536,2221.676944
22554.064969,-4737.318029,-11473.192101,-7354.516781
22554.065302,-4737.318029,-15470.304188,-8427.050478
22554.065636,1702.473667,-5921.647536,-4979.620737
22554.065969,-4737.318029,-11917.315666,-2528.115143
22554.066302,-2442.679609,-9474.636058,-6818.249932
22554.066636,-3627.009116,-16580.613101,-1915.238745
22554.066969,2368.659014,-8364.327145,2757.943793
22554.067302,5255.462188,-5773.606348,8503.660028
22554.067635,5255.462188,-6439.791695,7967.393179
22554.067969,2368.659014,-6883.915261,5515.887586
22554.068302,1110.308913,-8290.306550,2374.896044
22554.068635,3034.844362,-5995.668130,1225.752797
22554.068968,3552.988522,-9992.780217,4519.963438
22554.069302,3478.967927,-6365.771101,-3370.820191
22554.069635,-5329.482782,-10140.821405,-4903.011187
22554.069968,-2442.679609,-13619.789333,-8197.221829
22554.070301,-2960.823768,-15026.180623,-4519.963438
22554.070635,1924.535449,-8586.388927,2221.676944
22554.070968,1258.350101,-9474.636058,1302.362347
22554.071301,-74.020594,-7550.100608,2987.772442
22554.071634,-3552.988522,-6291.750507,4903.011187
22554.071968,2590.720797,-5847.626942,8197.221829
22554.072301,5847.626942,-1998.556043,4290.134789
22554.072634,592.164754,-8956.491898,2757.943793
22554.072967,-666.185348,-8956.491898,-2451.505594
22554.073301,-3108.864956,-10584.944971,-3753.867940
22554.073634,-2294.638420,-13027.624579,-3217.601092
22554.073967,592.164754,-7698.141797,-3447.429741
22554.074301,-4441.235652,-13397.727550,-4596.572988
22554.074634,-444.123565,-11325.150913,-1302.362347
22554.074967,-1850.514855,-14063.912898,0.000000
22554.075300,4737.318029,-5995.668130,6128.763984
22554.075634,6069.688724,-6439.791695,10342.289223
22554.075967,2886.803174,-5551.544565,5515.887586
22554.076300,2368.659014,-9474.636058,3447.429741
22554.076633,-1924.535449,-10288.862594,-536.266849
22554.076967,3552.988522,-6735.874072,1302.362347
22554.077300,-1184.329507,-5403.503377,-4826.401637
22554.077633,-2590.720797,-11399.171507,-229.828649
22554.077966,-7550.100608,-7254.018232,-6052.154434
22554.078300,-5625.565159,-15026.180623,-7124.688131
22554.078633,-74.020594,-11843.295072,-76.609550
22554.078966,3478.967927,-4811.338623,-1225.752797
22554.079299,-1184.329507,-10732.986159,6052.154434
22554.079633,1480.411884,-8364.327145,4519.963438
22554.079966,2294.638420,-11547.212695,4519.963438
22554.080299,8660.409521,-6365.771101,8350.440928
22554.080632,8660.409521,-4367.215058,4903.011187
22554.080966,2294.638420,-8586.388927,1149.143247
22554.081299,-1702.473667,-9696.697840,-4749.792088
22554.081632,-4737.318029,-11917.315666,-7354.516781
22554.081966,-370.102971,-14804.118840,-2451.505594
22554.082299,-74.020594,-11843.295072,-76.609550
22554.082632,-4811.338623,-10362.883188,-2604.724693
22554.082965,-3923.091493,-6735.874072,-3677.258390
22554.083299,0.000000,-8660.409521,153.219100
22554.083632,7476.080014,-4663.297435,11644.651570
22554.083965,2812.782580,-6661.853478,4826.401637
22554.084298,3923.091493,-5403.503377,2451.505594
22554.084632,-2960.823768,-13027.624579,2298.286494
22554.084965,2146.597232,-6587.832884,-4596.572988
22554.085298,5847.626942,-13027.624579,-76.609550
22554.085631,-1406.391290,-11769.274478,-3370.820191
22554.085965,1480.411884,-11843.295072,-1302.362347
22554.086298,-5921.647536,-12509.480420,-3677.258390
22554.086631,-1332.370696,-12805.562797,-1608.800546
22554.086964,-740.205942,-10955.047942,2987.772442
22554.087298,4219.173869,-7624.121203,1225.752797
22554.087631,-2220.617826,-8882.471304,1762.019645
22554.087964,-4737.318029,-7179.997637,5515.887586
22554.088298,5847.626942,-2738.761985,3677.258390
22554.088631,2368.659014,-4811.338623,9806.022374
22554.088964,4071.132681,-4737.318029,1149.143247
22554.089297,-2442.679609,-8290.306550,-3753.867940
22554.089631,-5699.585753,-14063.912898,-6818.249932
22554.089964,-2368.659014,-8956.491898,-7584.345430
22554.090297,-666.185348,-14434.015869,-842.705048
22554.090630,-3034.844362,-10288.862594,-4213.525239
22554.090964,-74.020594,-11843.295072,-1915.238745
22554.091297,-2960.823768,-11325.150913,1225.752797
22554.091630,7105.977043,-8438.347739,7277.907231
22554.091963,7031.956449,-8290.306550,5132.839837
22554.092297,4071.132681,-8364.327145,9652.803275
22554.092630,-74.020594,-9474.636058,3600.648841
22554.092963,2368.659014,-3627.009116,3064.381992
22554.093296,1110.308913,-9474.636058,1302.362347
22554.093630,2368.659014,-4441.235652,-1072.533697
22554.093963,-4367.215058,-10510.924376,-3753.867940
22554.094296,-9400.615463,-14359.995275,-7584.345430
22554.094629,-7031.956449,-8586.388927,-7431.126331
22554.094963,-5995.668130,-12213.398043,-4903.011187
22554.095296,1480.411884,-9548.656652,0.000000
22554.095629,4515.256246,-7698.141797,6052.154434
22554.095963,1110.308913,-13619.789333,3600.648841
22554.096296,4145.153275,-3034.844362,4903.011187
22554.096629,5403.503377,-9326.594869,6665.030833
22554.096962,7624.121203,-6735.874072,2757.943793
22554.097296,3034.844362,-10510.924376,-842.705048
22554.097629,-4811.338623,-13767.830521,-4519.963438
22554.097962,-2812.782580,-12361.439231,-3907.087040
22554.098295,2072.576638,-8438.347739,3294.210641
22554.098629,1702.473667,-7105.977043,-76.609550
22554.098962,-4441.235652,-5995.668130,-3064.381992
22554.099295,-2368.659014,-9548.656652,4213.525239
22554.099628,-4219.173869,-10066.800811,-995.924147
22554.099962,3552.988522,-3627.009116,5515.887586
22554.100295,2146.597232,-5403.503377,153.219100
22554.100628,2368.659014,-7698.141797,0.000000
22554.100961,296.082377,-8956.491898,-459.657299
22554.101295,-1258.350101,-14211.954086,-3447.429741
22554.101628,4663.297435,-9474.636058,-3753.867940
22554.101961,-2960.823768,-13693.809927,-3370.820191
22554.102294,2294.638420,-14804.118840,-76.609550
22554.102628,-2442.679609,-11843.295072,536.266849
22554.102961,4071.132681,-9178.553681,3600.648841
22554.103294,6809.894666,-4145.153275,8044.002729
22554.103627,4737.318029,-5625.565159,6588.421283
22554.103961,2590.720797,-4663.297435,3217.601092
22554.104294,-4145.153275,-7179.997637,2451.505594
22554.104627,3478.967927,-8290.306550,-76.609550
22554.104960,-370.102971,-8512.368333,1225.752797
22554.105294,-2368.659014,-8068.244768,-995.924147
22554.105627,-3034.844362,-7105.977043,-10878.556072
22554.105960,-7920.203579,-18283.086767,-7967.393179
22554.106293,2516.700203,-9474.636058,-1608.800546
22554.106627,-4811.338623,-16136.489536,-229.828649
22554.106960,1776.494261,-5255.462188,919.314598
22554.107293,1184.329507,-9474.636058,3370.820191
22554.107626,1480.411884,-7179.997637,7354.516781
22554.107960,8216.285956,-3997.112087,9116.536426
22554.108293,-370.102971,-7772.162391,0.000000
22554.108626,7105.977043,-5477.523971,3600.648841
22554.108959,-4293.194464,-11843.295072,-1302.362347
22554.109293,2072.576638,-10362.883188,1608.800546
22554.109626,-370.102971,-4737.318029,-1302.362347
22554.109959,0.000000,-10584.944971,-2068.457845
22554.110292,-518.144159,-5625.565159,-5132.839837
22554.110626,-9474.636058,-16654.633695,-6435.202183
22554.110959,-4145.153275,-12805.562797,-3370.820191
22554.111292,-4071.132681,-8660.409521,-2834.553343
22554.111625,4293.194464,-7698.141797,4213.525239
22554.111959,888.247130,-8808.450710,4903.011187
22554.112292,2368.659014,-5995.668130,306.438199
22554.112625,5847.626942,-8882.471304,4826.401637
22554.112958,7624.121203,-7846.182985,3217.601092
22554.113292,5995.668130,-9918.759623,4060.306139
22554.113625,1332.370696,-9474.636058,1762.019645
22554.113958,-3552.988522,-15174.221811,-5898.935335
22554.114291,-518.144159,-9400.615463,-2374.896044
22554.114625,-1036.288319,-11843.295072,-1915.238745
22554.114958,4663.297435,-4737.318029,-689.485948
22554.115291,-6513.812290,-9548.656652,1072.533697
22554.115624,-3256.906145,-11325.150913,995.924147
22554.115958,-666.185348,-6513.812290,3294.210641
22554.116291,0.000000,-5403.503377,1838.629195
22554.116624,8216.285956,-7105.977043,5132.839837
22554.116957,-1850.514855,-10436.903782,2987.772442
22554.117291,2072.576638,-9992.780217,-689.485948
22554.117624,-2368.659014,-11473.192101,76.609550
22554.117957,1628.453072,-7920.203579,-4903.011187
22554.118290,592.164754,-10732.986159,2987.772442
22554.118623,-3627.009116,-10436.903782,-5439.278036
22554.118957,-74.020594,-9548.656652,-3064.381992
22554.119290,-7179.997637,-13915.871710,-76.609550
22554.119623,10066.800811,-962.267725,4903.011187
22554.119956,-962.267725,-11621.233289,4979.620737
22554.120290,5255.462188,-3330.926739,4366.744339
22554.120623,2590.720797,-8438.347739,3447.429741
22554.120956,-592.164754,-12213.398043,5209.449386
22554.121289,7031.956449,-7105.977043,2068.457845
22554.121623,-7772.162391,-13323.706956,-7660.954980
22554.121956,-2960.823768,-7772.162391,-7354.516781
22554.122289,-9252.574275,-13619.789333,-6511.811733
22554.122622,-1036.288319,-11917.315666,-919.314598
22554.122956,222.061783,-7698.141797,1455.581446
22554.123289,1332.370696,-7772.162391,1455.581446
22554.123622,1924.535449,-6217.729913,3140.991542
22554.123955,1480.411884,-11843.295072,1532.190996
22554.124289,6291.750507,-7698.141797,2834.553343
22554.124622,5773.606348,-9770.718434,9269.755526
22554.124955,3775.050304,-4811.338623,842.705048
22554.125288,74.020594,-10066.800811,-995.924147
22554.125622,-4145.153275,-10732.986159,-2298.286494
22554.125955,-1036.288319,-6661.853478,-2834.553343
22554.126288,-3034.844362,-11843.295072,-4979.620737
22554.126621,-3997.112087,-11473.192101,-3064.381992
22554.126955,-6587.832884,-10658.965565,-1915.238745
22554.127288,-6513.812290,-9548.656652,306.438199
22554.127621,5847.626942,-2072.576638,3600.648841
22554.127954,4293.194464,-8142.265362,6435.202183
22554.128288,4737.318029,-5107.421000,7354.516781
22554.128621,1110.308913,-10510.924376,0.000000
22554.128954,-74.020594,-13915.871710,-383.047749
22554.129287,4145.153275,-7476.080014,1225.752797
22554.129621,3701.029710,-7328.038826,0.000000
22554.129954,296.082377,-9548.656652,-3524.039291
22554.130287,-4737.318029,-11917.315666,-4826.401637
22554.130620,-5773.606348,-13693.809927,-5515.887586
22554.130954,-592.164754,-8882.471304,-2298.286494
22554.131287,1110.308913,-8290.306550,-76.609550
22554.131620,-2368.659014,-6587.832884,4903.011187
22554.131953,1998.556043,-6513.812290,3600.648841
22554.132287,592.164754,-7179.997637,7354.516781
22554.132620,6735.874072,-7105.977043,7277.907231
22554.132953,7624.121203,-5921.647536,5439.278036
22554.133286,-888.247130,-9474.636058,-689.485948
22554.133620,-2220.617826,-9326.594869,-6281.983084
22554.133953,-3775.050304,-14211.954086,-3524.039291
22554.134286,1258.350101,-9844.739029,-4136.915689
22554.134619,2368.659014,-12213.398043,1762.019645
22554.134953,-3552.988522,-9548.656652,-3064.381992
22554.135286,-4441.235652,-9844.739029,153.219100
22554.135619,-1258.350101,-9474.636058,-383.047749
22554.135952,1184.329507,-5995.668130,3983.696590
22554.136286,3478.967927,-8586.388927,4673.182538
22554.136619,4367.215058,-6365.771101,4826.401637
22554.136952,2294.638420,-6439.791695,3140.991542
22554.137285,4071.132681,-9178.553681,8197.221829
22554.137619,4071.132681,-6809.894666,-689.485948
22554.137952,0.000000,-10140.821405,-1072.533697
22554.138285,-5551.544565,-13471.748144,-6205.373534
22554.138618,-1258.350101,-10658.965565,-9422.974625
22554.138952,-3997.112087,-10732.986159,-3524.039291
22554.139285,3034.844362,-9400.615463,919.314598
22554.139618,148.041188,-8808.450710,2987.772442
22554.139951,666.185348,-6291.750507,2145.067394
22554.140285,740.205942,-9400.615463,2911.162892
22554.140618,2886.803174,-5921.647536,4673.182538
22554.140951,3478.967927,-5625.565159,4903.011187
22554.141284,1406.391290,-6587.832884,-1149.143247
22554.141618,814.226536,-10658.965565,-306.438199
22554.141951,-4737.318029,-12805.562797,-2451.505594
22554.142284,3182.885551,-9474.636058,0.000000
22554.142617,0.000000,-8364.327145,-4903.011187
22554.142951,0.000000,-12657.521608,1149.143247
22554.143284,-4071.132681,-7994.224174,-5132.839837
22554.143617,-2738.761985,-10732.986159,0.000000
22554.143950,3182.885551,-7031.956449,4213.525239
22554.144284,5773.606348,-5995.668130,5822.325785
22554.144617,1258.350101,-7402.059420,3907.087040
22554.144950,-74.020594,-9474.636058,-76.609550
22554.145283,-74.020594,-11843.295072,-1302.362347
22554.145617,2368.659014,-6883.915261,2451.505594
22554.145950,4663.297435,-11843.295072,-76.609550
22554.146283,-4959.379811,-14285.974681,-1838.629195
22554.146616,-4293.194464,-10140.821405,-1991.848295
22554.146950,-3923.091493,-12139.377449,-2604.724693
22554.147283,2146.597232,-7402.059420,383.047749
22554.147616,1702.473667,-8290.306550,919.314598
22554.147949,0.000000,-5403.503377,2757.943793
22554.148283,-74.020594,-5995.668130,-4290.134789
22554.148616,0.000000,-14878.139434,6358.592633
22554.148949,4663.297435,-4737.318029,3600.648841
22554.149282,2220.617826,-7179.997637,1225.752797
22554.149615,888.247130,-7105.977043,-1302.362347
22554.149949,592.164754,-12361.439231,-76.609550
22554.150282,-74.020594,-10658.965565,536.266849
22554.150615,2516.700203,-4589.276840,-2604.724693
22554.150948,-2812.782580,-14285.974681,-1838.629195
22554.151282,-3552.988522,-7179.997637,-3064.381992
22554.151615,-1554.432478,-14211.954086,-4060.306139
22554.151948,-1258.350101,-11473.192101,3217.601092
22554.152281,5477.523971,74.020594,612.876398
22554.152615,2960.823768,-7476.080014,5515.887586
22554.152948,5551.544565,-4737.318029,2681.334243
22554.153281,1480.411884,-13323.706956,3140.991542
22554.153614,2368.659014,-8808.450710,2911.162892
22554.153948,4663.297435,-8586.388927,-4060.306139
22554.154281,-2368.659014,-13249.686362,1455.581446
22554.154614,-4367.215058,-7476.080014,-6128.763984
22554.154947,-2812.782580,-7772.162391,-4290.134789
22554.155281,-1036.288319,-12879.583391,-229.828649
22554.155614,3108.864956,-9474.636058,0.000000
22554.155947,-74.020594,-9178.553681,1915.238745
22554.156280,-1258.350101,-11325.150913,6511.811733
22554.156614,2516.700203,-5625.565159,4290.134789
22554.156947,2294.638420,-8882.471304,7890.783629
22554.157280,4737.318029,-1628.453072,4673.182538
22554.157613,-1036.288319,-6143.709319,-3064.381992
22554.157947,-4071.132681,-13471.748144,-4290.134789
22554.158280,-2368.659014,-11917.315666,-4903.011187
22554.158613,-5403.503377,-14211.954086,-2834.553343
22554.158946,0.000000,-7328.038826,-1532.190996
22554.159280,-7254.018232,-14211.954086,-5592.497135
22554.159613,0.000000,-8364.327145,0.000000
22554.159946,592.164754,-9548.656652,7507.735880
22554.160279,8808.450710,-4145.153275,6818.249932
22554.160613,7031.956449,-4959.379811,7737.564530
22554.160946,-1110.308913,-9770.718434,5898.935335
22554.161279,2294.638420,-6217.729913,-1378.971896
22554.161612,-5921.647536,-14285.974681,-2451.505594
22554.161946,4663.297435,-11547.212695,3600.648841
22554.162279,-1258.350101,-8290.306550,-3753.867940
22554.162612,-3552.988522,-7179.997637,-2451.505594
22554.162945,-3627.009116,-11843.295072,-3753.867940
22554.163279,-2664.741391,-8660.409521,-1225.752797
22554.163612,-74.020594,-10214.842000,1608.800546
22554.163945,814.226536,-7624.121203,919.314598
22554.164278,-2960.823768,-7920.203579,1225.752797
22554.164612,592.164754,-4811.338623,2451.505594
22554.164945,4663.297435,-11843.295072,4826.401637
22554.165278,6513.812290,-4811.338623,4903.011187
22554.165611,1184.329507,-10732.986159,6128.763984
22554.165945,2146.597232,-10658.965565,-4979.620737
22554.166278,-5329.482782,-18431.127956,-842.705048
22554.166611,-1184.329507,-11029.068536,-306.438199
22554.166944,2072.576638,-8142.265362,1685.410096
22554.167278,3034.844362,-4441.235652,842.705048
22554.167611,-74.020594,-8290.306550,-383.047749
22554.167944,-4441.235652,-7772.162391,-3600.648841
22554.168277,0.000000,-7179.997637,2451.505594
22554.168611,4663.297435,-10658.965565,4213.525239
22554.168944,518.144159,-4811.338623,0.000000
22554.169277,2368.659014,-9326.594869,-76.609550
22554.169610,-3552.988522,-13101.645173,-2068.457845
22554.169944,4515.256246,-7994.224174,-995.924147
22554.170277,0.000000,-12805.562797,153.219100
22554.170610,2294.638420,-10362.883188,-76.609550
22554.170943,-4737.318029,-10436.903782,0.000000
22554.171277,-962.267725,-8142.265362,-3217.601092
22554.171610,814.226536,-7698.141797,3294.210641
22554.171943,296.082377,-9548.656652,2451.505594
22554.172276,4737.318029,-5551.544565,4060.306139
22554.172610,-2442.679609,-11843.295072,0.000000
22554.172943,1184.329507,-9474.636058,4290.134789
22554.173276,5847.626942,-6809.894666,4213.525239
22554.173609,1776.494261,-9548.656652,2604.724693
22554.173943,2442.679609,-6365.771101,-229.828649
22554.174276,-5921.647536,-14211.954086,-3447.429741
22554.174609,-814.226536,-7772.162391,-4136.915689
22554.174942,-814.226536,-11843.295072,-76.609550
22554.175276,0.000000,-6587.832884,-1455.581446
22554.175609,-666.185348,-8438.347739,-2451.505594
22554.175942,-5625.565159,-11917.315666,-2604.724693
22554.176275,2368.659014,-9104.533087,1762.019645
22554.176609,-2442.679609,-11547.212695,7814.174080
22554.176942,5329.482782,-518.144159,3217.601092
22554.177275,1628.453072,-11621.233289,5592.497135
22554.177608,4663.297435,-7105.977043,2451.505594
22554.177942,3478.967927,-7254.018232,2374.896044
22554.178275,1184.329507,-11177.109724,1762.019645
22554.178608,592.164754,-5995.668130,-7354.516781
22554.178941,-10658.965565,-19393.395680,-4979.620737
22554.179275,1110.308913,-8882.471304,-5822.325785
22554.179608,-6217.729913,-10807.006753,-6435.202183
22554.179941,4663.297435,-8882.471304,-153.219100
22554.180274,1184.329507,-10066.800811,5745.716235
22554.180608,-3923.091493,-9178.553681,3983.696590
22554.180941,3775.050304,-3330.926739,5362.668486
22554.181274,-370.102971,-10658.965565,2068.457845
22554.181607,7105.977043,-5107.421000,6971.469032
22554.181940,2294.638420,-7698.141797,2374.896044
22554.182274,740.205942,-11029.068536,-3370.820191
22554.182607,-1184.329507,-10732.986159,612.876398
22554.182940,-2146.597232,-13101.645173,-4290.134789
22554.183273,-518.144159,-10732.986159,-2604.724693
22554.183607,-3478.967927,-9770.718434,-5209.449386
22554.183940,-1406.391290,-10807.006753,-4979.620737
22554.184273,0.000000,-8364.327145,2451.505594
22554.184606,2146.597232,-9474.636058,3600.648841
22554.184940,5107.421000,-4219.173869,5209.449386
22554.185273,888.247130,-7179.997637,7354.516781
22554.185606,3849.070898,-5921.647536,2987.772442
22554.185939,-2368.659014,-9548.656652,0.000000
22554.186273,1110.308913,-11843.295072,-229.828649
22554.186606,1628.453072,-7624.121203,0.000000
22554.186939,-370.102971,-9548.656652,-2528.115143
22554.187272,-4293.194464,-7179.997637,-4136.915689
22554.187606,-8660.409521,-8882.471304,-8044.002729
22554.187939,-592.164754,-13101.645173,-3064.381992
22554.188272,-370.102971,-13175.665768,2604.724693
22554.188605,4663.297435,-9474.636058,4826.401637
22554.188939,1924.535449,-1850.514855,3983.696590
22554.189272,3552.988522,-8734.430116,7277.907231
22554.189605,8216.285956,-5625.565159,4060.306139
22554.189938,1776.494261,-8660.409521,4136.915689
22554.190272,1480.411884,-12805.562797,-76.609550
22554.190605,-5847.626942,-11695.253884,-7277.907231
22554.190938,-3627.009116,-13989.892304,-612.876398
22554.191271,-740.205942,-4885.359217,2528.115143
22554.191605,592.164754,-2442.679609,-6128.763984
22554.191938,888.247130,-10732.986159,306.438199
22554.192271,-1850.514855,-11843.295072,-689.485948
22554.192604,3552.988522,-6439.791695,3753.867940
22554.192938,0.000000,-10140.821405,6741.640382
22554.193271,4663.297435,-4737.318029,2374.896044
22554.193604,148.041188,-6883.915261,612.876398
22554.193937,3849.070898,-6143.709319,1532.190996
22554.194271,962.267725,-10140.821405,-1072.533697
22554.194604,-2960.823768,-12731.542202,-3064.381992
22554.194937,-3701.029710,-10288.862594,-2451.505594
22554.195270,-5995.668130,-12731.542202,-6818.249932
22554.195604,-3997.112087,-10732.986159,-3064.381992
22554.195937,0.000000,-8956.491898,3677.258390
22554.196270,3552.988522,-6883.915261,6741.640382
22554.196603,5921.647536,-1850.514855,6818.249932
22554.196937,740.205942,-9474.636058,4979.620737
22554.197270,592.164754,-5847.626942,-919.314598
22554.197603,2886.803174,-12435.459826,2987.772442
22554.197936,-2368.659014,-11029.068536,4673.182538
22554.198270,2294.638420,-1776.494261,-6818.249932
22554.198603,-5625.565159,-15470.304188,-4290.134789
22554.198936,148.041188,-13693.809927,-3064.381992
22554.199269,-666.185348,-11843.295072,-2528.115143
22554.199603,-2368.659014,-10881.027347,-3524.039291
22554.199936,-4145.153275,-9844.739029,-2604.724693
22554.200269,-2960.823768,-9992.780217,306.438199
22554.200602,0.000000,-8364.327145,6128.763984
22554.200935,6439.791695,-7105.977043,7890.783629
22554.201268,3552.988522,-4811.338623,9499.584175
22554.201601,7105.977043,-2590.720797,11261.603821
22554.201935,2294.638420,-4737.318029,-4213.525239
22554.202268,-74.020594,-12139.377449,-4979.620737
22554.202601,-3552.988522,-17987.004391,-5132.839837
22554.202934,2516.700203,-12139.377449,-1915.238745
22554.203267,-370.102971,-8808.450710,-3370.820191
22554.203600,-3552.988522,-12509.480420,-1225.752797
22554.203933,-2442.679609,-6957.935855,-3753.867940
22554.204266,-370.102971,-7698.141797,1991.848295
22554.204599,4663.297435,-6513.812290,2451.505594
22554.204933,2812.782580,-5625.565159,6052.154434
22554.205266,-2960.823768,-7179.997637,2451.505594
22554.205599,-1110.308913,-5403.503377,1532.190996
22554.205932,3404.947333,-8882.471304,4826.401637
22554.206265,5847.626942,-7105.977043,-383.047749
22554.206598,3182.885551,-7994.224174,-1302.362347
22554.206931,-3552.988522,-15766.386565,-6435.202183
22554.207264,-1258.350101,-13471.748144,-1762.019645
22554.207597,-888.247130,-10436.903782,-2298.286494
22554.207930,2738.761985,-10066.800811,-76.609550
22554.208264,1628.453072,-13027.624579,1608.800546
22554.208597,-1554.432478,-7402.059420,2604.724693
22554.208930,1184.329507,-2886.803174,0.000000
22554.209263,4367.215058,-13027.624579,3600.648841
22554.209596,4367.215058,-6143.709319,1838.629195
22554.209929,-1776.494261,-10140.821405,2987.772442
22554.210262,-5329.482782,-11325.150913,-2757.943793
22554.210595,-3034.844362,-9030.512492,-4979.620737
22554.210928,-3701.029710,-13249.686362,-1072.533697
22554.211262,7031.956449,-3256.906145,-76.609550
22554.211595,-2442.679609,-7179.997637,-4903.011187
22554.211928,-888.247130,-10584.944971,2374.896044
22554.212261,7031.956449,-7105.977043,4826.401637
22554.212594,3775.050304,-11473.192101,0.000000
22554.212927,5847.626942,-11843.295072,5592.497135
22554.213260,-1998.556043,-9770.718434,-995.924147
22554.213593,3256.906145,-9400.615463,-383.047749
22554.213926,-296.082377,-10955.047942,3217.601092
22554.214260,1184.329507,-5403.503377,0.000000
22554.214593,0.000000,-5995.668130,1532.190996
22554.214926,-1850.514855,-12731.542202,-1915.238745
22554.215259,-2442.679609,-9104.533087,-2451.505594
22554.215592,-2960.823768,-8364.327145,3370.820191
22554.215925,-74.020594,-3552.988522,-3907.087040
22554.216258,-592.164754,-10658.965565,-383.047749
22554.216591,1110.308913,-7698.141797,1378.971896
22554.216924,-814.226536,-9400.615463,-1225.752797
22554.217258,-4737.318029,-11029.068536,-2298.286494
22554.217591,5255.462188,-12805.562797,-766.095498
22554.217924,2368.659014,-13397.727550,8427.050478
22554.218257,5329.482782,-5773.606348,5209.449386
22554.218590,1110.308913,-11843.295072,2987.772442
22554.218923,-3849.070898,-7105.977043,-2834.553343
22554.219256,-2368.659014,-10140.821405,1838.629195
22554.219589,-74.020594,-5921.647536,-76.609550
22554.219922,-3627.009116,-10658.965565,-5515.887586
22554.220256,-7179.997637,-11843.295072,-4979.620737
22554.220589,-814.226536,-7698.141797,-1302.362347
22554.220922,2960.823768,-7772.162391,2298.286494
22554.221255,5403.503377,-4219.173869,2604.724693
22554.221588,3997.112087,-11029.068536,3370.820191
22554.221921,4663.297435,-11843.295072,2374.896044
22554.222254,0.000000,-11325.150913,3217.601092
22554.222587,4663.297435,-11843.295072,536.266849
22554.222920,2072.576638,-8882.471304,3294.210641
22554.223254,1184.329507,-7328.038826,2834.553343
22554.223587,-74.020594,-11695.253884,-1302.362347
22554.223920,-3404.947333,-4959.379811,76.609550
22554.224253,0.000000,-3034.844362,-2911.162892
22554.224586,-1480.411884,-10436.903782,153.219100
22554.224919,2294.638420,-5625.565159,-76.609550
22554.225252,-370.102971,-9178.553681,-1302.362347
22554.225585,1998.556043,-8882.471304,-689.485948
22554.225918,0.000000,-6587.832884,-1838.629195
22554.226252,1776.494261,-15914.427753,3064.381992
22554.226585,2960.823768,-8956.491898,3983.696590
22554.226918,-2812.782580,-13915.871710,-1762.019645
22554.227251,1924.535449,-10510.924376,-2451.505594
22554.227584,-74.020594,-15322.262999,3524.039291
22554.227917,2960.823768,-3627.009116,3677.258390
22554.228250,1998.556043,-6513.812290,1762.019645
22554.228583,0.000000,-3997.112087,536.266849
22554.228916,-2368.659014,-5551.544565,-76.609550
22554.229250,4663.297435,-7105.977043,1149.143247
22554.229583,-592.164754,-11547.212695,-536.266849
22554.229916,-1184.329507,-11325.150913,-76.609550
22554.230249,-6661.853478,-10362.883188,0.000000
22554.230582,-2960.823768,-9326.594869,-7660.954980
22554.230915,-666.185348,-13323.706956,-995.924147
22554.231248,-5403.503377,-11695.253884,-4290.134789
22554.231581,-1776.494261,-9252.574275,2374.896044
22554.231914,-74.020594,-8512.368333,5745.716235
22554.232248,-74.020594,-7402.059420,1608.800546
22554.232581,3552.988522,-5107.421000,7124.688131
22554.232914,5181.441594,-5403.503377,5056.230287
22554.233247,4589.276840,-9992.780217,3524.039291
22554.233580,518.144159,-12879.583391,2987.772442
22554.233913,3775.050304,-7846.182985,-1302.362347
22554.234246,-740.205942,-13101.645173,-3830.477490
22554.234579,148.041188,-13101.645173,1455.581446
22554.234912,296.082377,-5773.606348,-3217.601092
22554.235246,-5625.565159,-12509.480420,-3677.258390
22554.235579,-3552.988522,-9252.574275,383.047749
22554.235912,-5403.503377,-10362.883188,-1302.362347
22554.236245,-666.185348,-4811.338623,612.876398
22554.236578,0.000000,-3997.112087,2834.553343
22554.236911,1998.556043,-5921.647536,4826.401637
22554.237244,4737.318029,-3701.029710,4596.572988
22554.237577,-444.123565,-8734.430116,-1302.362347
22554.237910,3034.844362,-10732.986159,-1225.752797
22554.238244,5033.400406,-12879.583391,3217.601092
22554.238577,4071.132681,-11325.150913,1762.019645
22554.238910,4663.297435,-9770.718434,-6741.640382
22554.239243,0.000000,-13101.645173,-4903.011187
22554.239576,1924.535449,-10732.986159,-1302.362347
22554.239909,2368.659014,-12361.439231,612.876398
22554.240242,814.226536,-7698.141797,995.924147
22554.240575,-5181.441594,-7920.203579,-536.266849
22554.240908,1110.308913,-5181.441594,0.000000
22554.241242,518.144159,-11843.295072,4826.401637
22554.241575,3552.988522,-9252.574275,7890.783629
22554.241908,296.082377,-3627.009116,2451.505594
22554.242241,-1184.329507,-7994.224174,-383.047749
22554.242574,-74.020594,-11251.130318,-2528.115143
22554.242907,-2442.679609,-13619.789333,-995.924147
22554.243240,-1184.329507,-9696.697840,-4290.134789
22554.243573,74.020594,-10140.821405,-2451.505594
22554.243906,3627.009116,-7772.162391,1532.190996
22554.244240,0.000000,-6587.832884,306.438199
22554.244573,2294.638420,-8882.471304,-995.924147
22554.244906,0.000000,-13471.748144,0.000000
22554.245239,-74.020594,-15396.283594,7277.907231
22554.245572,4737.318029,-74.020594,5515.887586
22554.245905,-3849.070898,-14878.139434,2757.943793
22554.246238,3182.885551,-5773.606348,3753.867940
22554.246571,-2960.823768,-6883.915261,-383.047749
22554.246904,1184.329507,-7772.162391,2604.724693
22554.247238,-3627.009116,-7105.977043,-2528.115143
22554.247571,-8512.368333,-10732.986159,-6128.763984
22554.247904,-74.020594,-9474.636058,-2528.115143
22554.248237,-5255.462188,-8364.327145,-4903.011187
22554.248570,0.000000,-10288.862594,-76.609550
22554.248903,296.082377,-4441.235652,1838.629195
22554.249236,-1184.329507,-12065.356855,842.705048
22554.249569,4367.215058,-7476.080014,1378.971896
22554.249902,2072.576638,-15100.201217,2298.286494
22554.250235,8216.285956,-7698.141797,2987.772442
22554.250569,1332.370696,-8956.491898,7354.516781
22554.250902,-370.102971,-10288.862594,1378.971896
22554.251235,-148.041188,-6957.935855,689.485948
22554.251568,-6735.874072,-13323.706956,-4290.134789
22554.251901,1628.453072,-5921.647536,-76.609550
22554.252234,-10584.944971,-9548.656652,-3677.258390
22554.252567,1184.329507,-7476.080014,2374.896044
22554.252900,-962.267725,-8586.388927,2145.067394
22554.253233,2960.823768,-6143.709319,4443.353888
22554.253567,3701.029710,-5033.400406,-76.609550
22554.253900,0.000000,-12065.356855,-995.924147
22554.254233,5033.400406,-10140.821405,-1225.752797
22554.254566,0.000000,-13027.624579,1915.238745
22554.254899,4071.132681,-10066.800811,-689.485948
22554.255232,-2072.576638,-9548.656652,0.000000
22554.255565,3775.050304,-10362.883188,-1302.362347
22554.255898,3478.967927,-9178.553681,2221.676944
22554.256231,1480.411884,-7476.080014,3907.087040
22554.256565,3478.967927,-9474.636058,1455.581446
22554.256898,1628.453072,-4219.173869,1532.190996
22554.257231,2664.741391,-6957.935855,1608.800546
22554.257564,4293.194464,-8956.491898,4979.620737
22554.257897,296.082377,-6587.832884,-2451.505594
22554.258230,-4145.153275,-8364.327145,-1225.752797
22554.258563,-74.020594,-13619.789333,-3447.429741
22554.258896,-3404.947333,-9548.656652,-4903.011187
22554.259229,-2960.823768,-10732.986159,-2987.772442
22554.259563,-2442.679609,-12213.398043,306.438199
22554.259896,-2738.761985,-7846.182985,0.000000
22554.260229,-2368.659014,-7550.100608,459.657299
22554.260562,2664.741391,-8216.285956,4903.011187
22554.260895,5847.626942,-4737.318029,3600.648841
22554.261228,5921.647536,-10510.924376,9422.974625
22554.261561,-74.020594,-9178.553681,4213.525239
22554.261894,1184.329507,-2442.679609,-612.876398
22554.262227,-148.041188,-18949.272115,2987.772442
22554.262561,2368.659014,-9548.656652,306.438199
22554.262894,-814.226536,-10658.965565,-2528.115143
22554.263227,-5107.421000,-9474.636058,-4673.182538
22554.263560,-814.226536,-7920.203579,-2604.724693
22554.263893,-6217.729913,-13027.624579,-1378.971896
22554.264226,3478.967927,-7105.977043,1762.019645
22554.264559,-5921.647536,-6291.750507,-2451.505594
22554.264892,-666.185348,-10658.965565,-76.609550
22554.265225,148.041188,-6883.915261,4903.011187
22554.265559,1480.411884,-8660.409521,10801.946522
22554.265892,3034.844362,-3923.091493,1838.629195
22554.266225,1850.514855,-11177.109724,459.657299
22554.266558,3182.885551,-7624.121203,-3140.991542
22554.266891,518.144159,-11325.150913,-2221.676944
22554.267224,3182.885551,-11695.253884,-995.924147
22554.267557,-4071.132681,-14878.139434,-6205.373534
22554.267890,-888.247130,-15322.262999,-3830.477490
22554.268223,814.226536,-8808.450710,3830.477490
22554.268557,2590.720797,-3256.906145,1762.019645
22554.268890,5847.626942,-9474.636058,7277.907231
22554.269223,-74.020594,-4219.173869,919.314598
22554.269556,-1184.329507,-10436.903782,1225.752797
22554.269889,444.123565,-7846.182985,2451.505594
22554.270222,-1480.411884,-7772.162391,1225.752797
22554.270555,814.226536,-8882.471304,1915.238745
22554.270888,1258.350101,-7254.018232,383.047749
22554.271221,-4367.215058,-8586.388927,-7354.516781
22554.271555,-3552.988522,-11917.315666,-7354.516781
22554.271888,2294.638420,-12435.459826,-3140.991542
22554.272221,2294.638420,-10658.965565,2451.505594
22554.272554,-2368.659014,-9844.739029,2911.162892
22554.272887,3478.967927,-8882.471304,3600.648841
22554.273220,0.000000,-10881.027347,-689.485948
22554.273553,8586.388927,-6587.832884,4519.963438
22554.273886,3849.070898,-9104.533087,5056.230287
22554.274219,-888.247130,-5255.462188,-2298.286494
22554.274553,-5847.626942,-16284.530724,-76.609550
22554.274886,-2442.679609,-6587.832884,-4290.134789
22554.275219,1184.329507,-16284.530724,5515.887586
22554.275552,7031.956449,0.000000,-842.705048
22554.275885,-4441.235652,-7772.162391,612.876398
22554.276218,-4811.338623,-6957.935855,-4060.306139
22554.276551,2072.576638,-6883.915261,1072.533697
22554.276884,-4219.173869,-14137.933492,-4213.525239
22554.277217,8216.285956,-7846.182985,3140.991542
22554.277551,-3034.844362,-8290.306550,-1608.800546
22554.277884,296.082377,-11029.068536,1838.629195
22554.278217,7328.038826,-9474.636058,6665.030833
22554.278550,5847.626942,-8290.306550,1149.143247
22554.278883,1184.329507,-6587.832884,5515.887586
22554.279216,-666.185348,-9474.636058,-1608.800546
22554.279549,-3256.906145,-9548.656652,-4366.744339
22554.279882,-5255.462188,-12435.459826,1455.581446
22554.280215,-1110.308913,-7254.018232,-766.095498
22554.280549,-2738.761985,-9474.636058,-76.609550
22554.280882,-888.247130,-5921.647536,1149.143247
22554.281215,-962.267725,-4219.173869,-3370.820191
22554.281548,2220.617826,-10436.903782,689.485948
22554.281881,1776.494261,-15914.427753,4596.572988
22554.282214,4663.297435,-7994.224174,1762.019645
22554.282547,0.000000,-7476.080014,1838.629195
22554.282880,0.000000,-6587.832884,2757.943793
22554.283213,2294.638420,-7105.977043,-3140.991542
22554.283547,-1480.411884,-9844.739029,-2451.505594
22554.283880,-3701.029710,-16580.613101,-3140.991542
22554.284213,-3849.070898,-9548.656652,-3677.258390
22554.284546,-7476.080014,-13101.645173,-2068.457845
22554.284879,3478.967927,-7105.977043,2987.772442
22554.285212,3701.029710,-7105.977043,8197.221829
22554.285545,3552.988522,-5403.503377,7354.516781
22554.285878,5847.626942,-6217.729913,5745.716235
22554.286211,-666.185348,-7994.224174,-4060.306139
22554.286545,5107.421000,-11399.171507,4213.525239
22554.286878,-518.144159,-7105.977043,0.000000
22554.287211,1184.329507,-11769.274478,-5056.230287
22554.287544,-6143.709319,-16062.468941,-6052.154434
22554.287877,-4737.318029,-9548.656652,-4290.134789
22554.288210,3182.885551,-6513.812290,-1302.362347
22554.288543,-2368.659014,-10732.986159,6818.249932
22554.288876,1554.432478,-4737.318029,-995.924147
22554.289209,-4589.276840,-8142.265362,1608.800546
22554.289542,1776.494261,-6291.750507,4290.134789
22554.289876,3404.947333,-6291.750507,6971.469032
22554.290209,3034.844362,-7254.018232,6665.030833
22554.290542,4663.297435,-5773.606348,1455.581446
22554.290875,-1406.391290,-11103.089130,-1302.362347
22554.291208,962.267725,-8364.327145,-6741.640382
22554.291541,4071.132681,-13619.789333,-4979.620737
22554.291874,-3034.844362,-16432.571912,-1838.629195
22554.292207,0.000000,-7179.997637,-1225.752797
22554.292540,-6513.812290,-14730.098246,1838.629195
22554.292874,3478.967927,-4145.153275,2374.896044
22554.293207,-1110.308913,-7550.100608,1302.362347
22554.293540,5847.626942,-2442.679609,6588.421283
22554.293873,-1184.329507,-7994.224174,1762.019645
22554.294206,-2368.659014,-10140.821405,2604.724693
22554.294539,2294.638420,-11177.109724,1225.752797
22554.294872,0.000000,-8364.327145,0.000000
22554.295205,5033.400406,-11251.130318,-76.609550
22554.295538,-74.020594,-11843.295072,-766.095498
22554.295872,-1184.329507,-10288.862594,-4979.620737
22554.296205,-1258.350101,-12213.398043,-1378.971896
22554.296538,2590.720797,-10140.821405,2221.676944
22554.296871,888.247130,-8586.388927,-1302.362347
22554.297204,4145.153275,-8364.327145,3907.087040
22554.297537,814.226536,-8438.347739,3370.820191
22554.297870,4663.297435,-7994.224174,5745.716235
22554.298203,2368.659014,-10214.842000,3677.258390
22554.298536,1702.473667,-7105.977043,-1302.362347
22554.298870,-4737.318029,-10732.986159,-689.485948
22554.299203,-74.020594,-7105.977043,-76.609550
22554.299536,-4737.318029,-8660.409521,-3064.381992
22554.299869,-3552.988522,-13619.789333,-76.609550
22554.300202,1702.473667,-7105.977043,-1915.238745
22554.300535,-3552.988522,-9548.656652,-1915.238745
22554.300868,814.226536,-7772.162391,-2757.943793
22554.301201,3849.070898,-7698.141797,2221.676944
22554.301534,-1776.494261,-11917.315666,3064.381992
22554.301868,4737.318029,-6883.915261,2911.162892
22554.302201,1702.473667,-13619.789333,536.266849
22554.302534,4515.256246,-6587.832884,306.438199
22554.302867,5403.503377,-6957.935855,8197.221829
22554.303200,-666.185348,-8364.327145,-1225.752797
22554.303533,0.000000,-11843.295072,-1302.362347
22554.303866,-2368.659014,-8364.327145,-3677.258390
22554.304199,-1776.494261,-9548.656652,-1685.410096
22554.304532,-74.020594,-10362.883188,1149.143247
22554.304865,-3552.988522,-6587.832884,-6128.763984
22554.305198,-4737.318029,-12361.439231,-76.609550
22554.305532,-74.020594,-7105.977043,-229.828649
22554.305865,3478.967927,-4811.338623,612.876398
22554.306198,3478.967927,-5921.647536,4213.525239
22554.306531,5477.523971,-9178.553681,6665.030833
22554.306864,2368.659014,-6883.915261,459.657299
22554.307197,-74.020594,-10955.047942,-612.876398
22554.307530,2368.659014,-7624.121203,-2145.067394
22554.307863,-2442.679609,-12287.418637,-6128.763984
22554.308196,-3256.906145,-17246.798449,-76.609550
22554.308529,-370.102971,-14211.954086,1762.019645
22554.308862,0.000000,-4219.173869,2757.943793
22554.309195,3701.029710,-8068.244768,7277.907231
22554.309529,2294.638420,-74.020594,3064.381992
22554.309862,2294.638420,-6217.729913,3294.210641
22554.310195,666.185348,-7846.182985,2451.505594
22554.310528,-74.020594,-10066.800811,-842.705048
22554.310861,-2442.679609,-7698.141797,-3447.429741
22554.311194,-2368.659014,-11029.068536,-76.609550
22554.311527,-1850.514855,-8290.306550,-6511.811733
22554.311860,-2442.679609,-10732.986159,-7354.516781
22554.312193,-3849.070898,-8512.368333,-4903.011187
22554.312526,-666.185348,-12583.501014,0.000000
22554.312859,-1628.453072,-9252.574275,1378.971896
22554.313192,-1184.329507,-9548.656652,4290.134789
22554.313525,1332.370696,-2886.803174,5592.497135
22554.313859,2886.803174,-4737.318029,3677.258390
22554.314192,8290.306550,-7698.141797,5745.716235
22554.314525,6365.771101,-9474.636058,4519.963438
22554.314858,-2738.761985,-15544.324782,-3677.258390
22554.315191,3182.885551,-9474.636058,-76.609550
22554.315524,-4219.173869,-10955.047942,-9193.145976
22554.315857,3849.070898,-12583.501014,-2451.505594
22554.316190,-370.102971,-10658.965565,-2528.115143
22554.316523,-1998.556043,-10807.006753,-3064.381992
22554.316856,-1480.411884,-7476.080014,3370.820191
22554.317189,148.041188,-2738.761985,2911.162892
22554.317522,1406.391290,-10955.047942,3753.867940
22554.317856,4663.297435,-5255.462188,3677.258390
22554.318189,518.144159,-11917.315666,995.924147
22554.318522,0.000000,-5403.503377,5515.887586
22554.318855,8216.285956,-7105.977043,2374.896044
22554.319188,0.000000,-4811.338623,0.000000
22554.319521,0.000000,-8364.327145,-1838.629195
22554.319854,-3404.947333,-8956.491898,-2528.115143
22554.320187,-4293.194464,-14359.995275,-4136.915689
22554.320520,-1184.329507,-8956.491898,-2834.553343
22554.320853,-1332.370696,-9770.718434,229.828649
22554.321186,1110.308913,-7698.141797,-76.609550
22554.321519,0.000000,-10732.986159,4366.744339
22554.321852,4663.297435,-7105.977043,2681.334243
22554.322186,3256.906145,-7772.162391,2451.505594
22554.322519,1702.473667,-15692.365970,6971.469032
22554.322852,3256.906145,-6587.832884,1838.629195
22554.323185,-2146.597232,-12731.542202,842.705048
22554.323518,2886.803174,-3182.885551,1838.629195
22554.323851,-3256.906145,-5995.668130,-3677.258390
22554.324184,-4219.173869,-9474.636058,-4519.963438
22554.324517,-3849.070898,-11251.130318,-4979.620737
22554.324850,-2812.782580,-12731.542202,-1608.800546
22554.325183,-5329.482782,-9548.656652,1225.752797
22554.325516,1998.556043,-8290.306550,2374.896044
22554.325849,-1258.350101,-4737.318029,229.828649
22554.326183,3701.029710,-9844.739029,3677.258390
22554.326516,4737.318029,-9030.512492,6665.030833
22554.326849,2146.597232,-8216.285956,1532.190996
22554.327182,296.082377,-10140.821405,5822.325785
22554.327515,-74.020594,-3552.988522,-4979.620737
22554.327848,-2960.823768,-16950.716072,-1302.362347
22554.328181,-74.020594,-16580.613101,4826.401637
22554.328514,-1258.350101,-1850.514855,-6435.202183
22554.328847,-2294.638420,-11547.212695,-1455.581446
22554.329180,-3108.864956,-7920.203579,-2221.676944
22554.329513,-1332.370696,-8956.491898,-612.876398
22554.329846,814.226536,-10584.944971,4979.620737
22554.330179,2960.823768,-3923.091493,612.876398
22554.330513,2590.720797,-9548.656652,2451.505594
22554.330846,4071.132681,-8882.471304,4826.401637
22554.331179,2146.597232,-7698.141797,-689.485948
22554.331512,3108.864956,-8882.471304,-306.438199
22554.331845,-1776.494261,-10140.821405,-1838.629195
22554.332178,2294.638420,-8734.430116,-5286.058936
22554.332511,-2368.659014,-9844.739029,-5515.887586
22554.332844,-3849.070898,-20133.601622,2374.896044
22554.333177,1702.473667,-9474.636058,-76.609550
22554.333510,592.164754,-7772.162391,5669.106685
22554.333843,4589.276840,-1480.411884,5515.887586
22554.334176,1036.288319,1702.473667,2757.943793
22554.334510,740.205942,-9400.615463,1225.752797
22554.334843,3330.926739,-15840.407159,3907.087040
22554.335176,1702.473667,-10658.965565,-2374.896044
22554.335509,0.000000,-10140.821405,-4903.011187
22554.335842,444.123565,-11547.212695,-4979.620737
22554.336175,-2738.761985,-13989.892304,-6894.859482
22554.336508,-888.247130,-11843.295072,-1608.800546
22554.336841,148.041188,-11843.295072,-2145.067394
22554.337174,1332.370696,-9770.718434,1608.800546
22554.337507,2664.741391,-11473.192101,6052.154434
22554.337840,4367.215058,-5329.482782,8197.221829
22554.338173,5847.626942,-1850.514855,4903.011187
22554.338506,5773.606348,-4737.318029,6358.592633
22554.338840,4663.297435,-5921.647536,2068.457845
22554.339173,-2960.823768,-6587.832884,-1225.752797
22554.339506,-3627.009116,-14211.954086,-4366.744339
22554.339839,-6957.935855,-11177.109724,-7354.516781
22554.340172,-4663.297435,-12509.480420,-7201.297681
22554.340505,-5181.441594,-12065.356855,-3294.210641
22554.340838,-2812.782580,-6587.832884,-4903.011187
22554.341171,-6217.729913,-14582.057057,2451.505594
22554.341504,4663.297435,-7698.141797,2374.896044
22554.341837,2146.597232,-7772.162391,6435.202183
22554.342170,2960.823768,-6587.832884,11414.822920
22554.342503,6735.874072,-5921.647536,1378.971896
22554.342837,740.205942,-13989.892304,5592.497135
22554.343170,6143.709319,-6735.874072,4290.134789
22554.343503,740.205942,-6143.709319,-2911.162892
22554.343836,592.164754,-10732.986159,-1838.629195
22554.344169,-8882.471304,-11325.150913,-6128.763984
22554.344502,-3108.864956,-7476.080014,-4443.353888
22554.344835,-6883.915261,-11103.089130,-2528.115143
22554.345168,0.000000,-5921.647536,-2528.115143
22554.345501,-3775.050304,-11843.295072,2834.553343
22554.345834,-1628.453072,-4219.173869,3064.381992
22554.346167,1850.514855,-8882.471304,2757.943793
22554.346500,2294.638420,-9474.636058,2987.772442
22554.346833,9400.615463,-6513.812290,4213.525239
22554.347167,222.061783,-10362.883188,76.609550
22554.347500,1702.473667,-12139.377449,2374.896044
22554.347833,-888.247130,-12435.459826,-1302.362347
22554.348166,2738.761985,-7994.224174,-2528.115143
22554.348499,1110.308913,-16358.551318,842.705048
22554.348832,0.000000,-5403.503377,1225.752797
22554.349165,-74.020594,-7105.977043,-4979.620737
22554.349498,-1628.453072,-13027.624579,536.266849
22554.349831,888.247130,-3627.009116,1838.629195
22554.350164,370.102971,-5403.503377,2757.943793
22554.350497,4071.132681,-7254.018232,3600.648841
22554.350830,518.144159,-8734.430116,-689.485948
22554.351164,2368.659014,-8956.491898,2834.553343
22554.351497,-888.247130,-4293.194464,-1302.362347
22554.351830,-74.020594,-7105.977043,-4979.620737
22554.352163,-3034.844362,-13545.768739,-4749.792088
22554.352496,-2368.659014,-13989.892304,-1532.190996
22554.352829,3923.091493,-11843.295072,3447.429741
22554.353162,-1628.453072,-5699.585753,2604.724693
22554.353495,1110.308913,-8512.368333,0.000000
22554.353828,222.061783,-9474.636058,4519.963438
22554.354161,296.082377,-9696.697840,2834.553343
22554.354494,2368.659014,-4515.256246,2451.505594
22554.354827,2886.803174,-9474.636058,995.924147
22554.355160,1480.411884,-5995.668130,-4903.011187
22554.355494,2960.823768,-8364.327145,2987.772442
22554.355827,-74.020594,-11251.130318,-2528.115143
22554.356160,148.041188,-11695.253884,-3140.991542
22554.356493,-7031.956449,-13397.727550,-5745.716235
22554.356826,-3182.885551,-13175.665768,-5515.887586
22554.357159,-1110.308913,-7105.977043,-383.047749
22554.357492,-74.020594,-11843.295072,3600.648841
22554.357825,3478.967927,-4885.359217,6128.763984
22554.358158,296.082377,-4145.153275,6052.154434
22554.358491,4367.215058,-4145.153275,3600.648841
22554.358824,0.000000,-5107.421000,2451.505594
22554.359157,4663.297435,-12731.542202,-76.609550
22554.359491,-2072.576638,-14063.912898,2451.505594
22554.359824,592.164754,-3552.988522,-76.609550
22554.360157,-1480.411884,-7624.121203,-8810.098227
22554.360490,-3034.844362,-18949.272115,-995.924147
22554.360823,-3997.112087,-9696.697840,-6894.859482
22554.361156,-4737.318029,-12805.562797,-1608.800546
22554.361489,-2220.617826,-9622.677246,-1225.752797
22554.361822,296.082377,-9548.656652,2451.505594
22554.362155,1184.329507,-9844.739029,11568.042020
22554.362488,7624.121203,-1184.329507,7277.907231
22554.362821,1258.350101,-2442.679609,6128.763984
22554.363154,6587.832884,-7698.141797,3294.210641
22554.363487,2812.782580,-7846.182985,383.047749
22554.363821,-2960.823768,-9474.636058,-6281.983084
22554.364154,-1924.535449,-11473.192101,-7967.393179
22554.364487,-5255.462188,-16432.571912,-4136.915689
22554.364820,-888.247130,-9474.636058,-2604.724693
22554.365153,-962.267725,-10214.842000,-76.609550
22554.365486,-3627.009116,-8364.327145,-2451.505594
22554.365819,1332.370696,-9696.697840,2451.505594
22554.366152,4663.297435,-9474.636058,7890.783629
22554.366485,3108.864956,-6587.832884,4903.011187
22554.366818,2294.638420,-5921.647536,2068.457845
22554.367151,1406.391290,-13545.768739,2374.896044
22554.367484,4367.215058,-11547.212695,4979.620737
22554.367818,4737.318029,-5329.482782,-229.828649
22554.368151,888.247130,-11547.212695,-3294.210641
22554.368484,-4145.153275,-9548.656652,-7354.516781
22554.368817,-4441.235652,-14508.036463,-5132.839837
22554.369150,3182.885551,-14211.954086,-3753.867940
22554.369483,-370.102971,-8290.306550,5439.278036
22554.369816,1776.494261,-2442.679609,3064.381992
22554.370149,2072.576638,-7772.162391,9193.145976
22554.370482,2590.720797,-4515.256246,4903.011187
22554.370815,592.164754,-4811.338623,1838.629195
22554.371148,2294.638420,-7105.977043,1149.143247
22554.371481,-1480.411884,-12287.418637,-1302.362347
22554.371814,-3627.009116,-13027.624579,-4366.744339
22554.372148,-3701.029710,-11325.150913,-4213.525239
22554.372481,-3552.988522,-9548.656652,-4903.011187
22554.372814,296.082377,-10658.965565,-383.047749
22554.373147,4219.173869,-6809.894666,229.828649
22554.373480,-1184.329507,-10584.944971,2145.067394
22554.373813,1702.473667,-9178.553681,1762.019645
22554.374146,0.000000,-9548.656652,3677.258390
22554.374479,4663.297435,-10658.965565,5439.278036
22554.374812,7179.997637,-2442.679609,1225.752797
22554.375145,4441.235652,-13027.624579,2987.772442
22554.375478,1184.329507,-10732.986159,5515.887586
22554.375811,-1776.494261,-3923.091493,-3524.039291
22554.376145,-4737.318029,-16876.695478,-5286.058936
22554.376478,-1258.350101,-10362.883188,-4213.525239
22554.376811,-6883.915261,-13619.789333,-4366.744339
22554.377144,-4737.318029,-9548.656652,1225.752797
22554.377477,-962.267725,-2442.679609,-1225.752797
22554.377810,-4219.173869,-9622.677246,995.924147
22554.378143,7624.121203,-1850.514855,6894.859482
22554.378476,-666.185348,-13027.624579,3600.648841
22554.378809,3849.070898,-4515.256246,2145.067394
22554.379142,4589.276840,-14211.954086,7277.907231
22554.379475,2886.803174,-7179.997637,0.000000
22554.379808,5181.441594,-8512.368333,0.000000
22554.380141,-1184.329507,-16580.613101,-76.609550
22554.380475,0.000000,-6661.853478,-3677.258390
22554.380808,-3923.091493,-8734.430116,-7431.126331
22554.381141,1184.329507,-10732.986159,-3217.601092
22554.381474,-3330.926739,-10658.965565,-2451.505594
22554.381807,-1480.411884,-10140.821405,2451.505594
22554.382140,-74.020594,-11251.130318,11874.480219
22554.382473,5847.626942,-1776.494261,4596.572988
22554.382806,5625.565159,-3330.926739,7967.393179
22554.383139,4071.132681,-6513.812290,3600.648841
22554.383472,444.123565,-6587.832884,-1532.190996
22554.383805,-1332.370696,-11399.171507,-2451.505594
22554.384138,-370.102971,-10658.965565,-4213.525239
22554.384472,-5625.565159,-8660.409521,-7967.393179
22554.384805,-7105.977043,-14878.139434,-3677.258390
22554.385138,-370.102971,-7772.162391,-6128.763984
22554.385471,-2368.659014,-9548.656652,-4903.011187
22554.385804,296.082377,-13693.809927,3677.258390
22554.386137,3404.947333,-2442.679609,7354.516781
22554.386470,3923.091493,-9030.512492,4136.915689
22554.386803,9030.512492,-7624.121203,12717.185267
22554.387136,148.041188,-7476.080014,5209.449386
22554.387469,7031.956449,-2960.823768,2834.553343
22554.387802,1776.494261,-10658.965565,2374.896044
22554.388135,-74.020594,-9474.636058,-8656.879127
22554.388468,-5625.565159,-12213.398043,-5515.887586
22554.388802,-7105.977043,-14730.098246,-6588.421283
22554.389135,-370.102971,-10288.862594,-2528.115143
22554.389468,-5329.482782,-9252.574275,-1225.752797
22554.389801,1702.473667,-8290.306550,2987.772442
22554.390134,-888.247130,-5995.668130,4290.134789
22554.390467,3330.926739,-5107.421000,5286.058936
22554.390800,3478.967927,-6513.812290,4519.963438
22554.391133,2664.741391,-6587.832884,3677.258390
22554.391466,3404.947333,-10658.965565,4826.401637
22554.391799,-1924.535449,-10732.986159,0.000000
22554.392132,2294.638420,-10881.027347,-383.047749
22554.392465,-2738.761985,-9178.553681,-6741.640382
22554.392799,-666.185348,-11399.171507,-6435.202183
22554.393132,-1850.514855,-11917.315666,-3370.820191
22554.393465,-2368.659014,-9548.656652,0.000000
22554.393798,-666.185348,-7031.956449,153.219100
22554.394131,1628.453072,-8734.430116,6511.811733
22554.394464,7105.977043,-3330.926739,9499.584175
22554.394797,5625.565159,-6513.812290,10878.556072
22554.395130,2368.659014,-6217.729913,2374.896044
22554.395463,-74.020594,-11843.295072,-76.609550
22554.395796,-4219.173869,-10140.821405,-7814.174080
22554.396129,-1924.535449,-11547.212695,-7354.516781
22554.396462,-3552.988522,-14063.912898,-2834.553343
22554.396795,-3404.947333,-10732.986159,-3983.696590
22554.397129,74.020594,-6809.894666,-1608.800546
22554.397462,-1110.308913,-9326.594869,1149.143247
22554.397795,3997.112087,-4367.215058,4443.353888
22554.398128,0.000000,-11917.315666,3677.258390
22554.398461,5847.626942,-6513.812290,3753.867940
22554.398794,0.000000,-10140.821405,6128.763984
22554.399127,8068.244768,-7698.141797,4213.525239
22554.399460,4071.132681,-9770.718434,2374.896044
22554.399793,3552.988522,-9252.574275,-76.609550
22554.400126,-1036.288319,-9918.759623,-2681.334243
22554.400459,-6735.874072,-11177.109724,-8733.488677
22554.400792,-2664.741391,-9548.656652,-6665.030833
22554.401126,-6587.832884,-14211.954086,-1608.800546
22554.401459,1110.308913,-5995.668130,0.000000
22554.401792,-4441.235652,-8364.327145,3677.258390
22554.402125,4367.215058,-7105.977043,6052.154434
22554.402458,1776.494261,-74.020594,2451.505594
22554.402791,-74.020594,-11251.130318,-76.609550
22554.403124,2664.741391,-10288.862594,-1685.410096
22554.403457,740.205942,-15618.345376,-1225.752797
22554.403790,5477.523971,-12731.542202,4290.134789
22554.404123,4811.338623,-4145.153275,383.047749
22554.404456,0.000000,-9548.656652,0.000000
22554.404789,2368.659014,-9474.636058,-383.047749
22554.405122,-5403.503377,-10658.965565,-6511.811733
22554.405455,-592.164754,-8068.244768,-1072.533697
22554.405788,-4663.297435,-7476.080014,-1225.752797
22554.406121,-3923.091493,-13027.624579,1762.019645
22554.406454,-962.267725,-7772.162391,3830.477490
22554.406787,-962.267725,-4811.338623,3524.039291
22554.407120,0.000000,-5995.668130,612.876398
22554.407453,2516.700203,-7550.100608,1455.581446
22554.407786,1628.453072,-12509.480420,-612.876398
22554.408119,814.226536,-11103.089130,1455.581446
22554.408452,1702.473667,-9474.636058,-689.485948
22554.408785,1110.308913,-6957.935855,-4903.011187
22554.409118,0.000000,-10436.903782,-2145.067394
22554.409451,-74.020594,-13027.624579,-1915.238745
22554.409785,-1998.556043,-11843.295072,-1838.629195
22554.410118,1406.391290,-11843.295072,2834.553343
22554.410451,-2442.679609,-9548.656652,1838.629195
22554.410784,2146.597232,-5403.503377,6128.763984
22554.411117,3997.112087,-7476.080014,6741.640382
22554.411450,2960.823768,-6587.832884,5669.106685
22554.411783,5847.626942,-3552.988522,2298.286494
22554.412116,666.185348,-8882.471304,-76.609550
22554.412449,1702.473667,-5995.668130,-4903.011187
22554.412782,-3923.091493,-11325.150913,-9806.022374
22554.413115,-2294.638420,-12139.377449,-5132.839837
22554.413448,-4293.194464,-13249.686362,-5822.325785
22554.413781,148.041188,-11103.089130,-536.266849
22554.414114,-74.020594,-10214.842000,0.000000
22554.414447,4737.318029,-8512.368333,8580.269578
22554.414780,3478.967927,-5477.523971,3677.258390
22554.415113,6439.791695,-7994.224174,7277.907231
22554.415446,2294.638420,-8142.265362,2604.724693
22554.415779,3256.906145,-4219.173869,1532.190996
22554.416112,2664.741391,-14211.954086,5209.449386
22554.416445,1628.453072,-6513.812290,-1915.238745
22554.416778,-666.185348,-8882.471304,-4979.620737
22554.417111,-6883.915261,-12065.356855,-8886.707777
22554.417444,-888.247130,-13027.624579,-8656.879127
22554.417777,-9474.636058,-16654.633695,-2145.067394
22554.418110,1998.556043,-6735.874072,766.095498
22554.418443,-5995.668130,-8364.327145,1838.629195
22554.418776,8216.285956,-2072.576638,6052.154434
22554.419109,4071.132681,-5625.565159,6052.154434
22554.419442,7698.141797,-5921.647536,8810.098227
22554.419775,1924.535449,-8364.327145,2451.505594
22554.420108,-4219.173869,-14878.139434,-1072.533697
22554.420441,-3182.885551,-8660.409521,-6971.469032
22554.420774,-3923.091493,-16580.613101,-2528.115143
22554.421107,444.123565,-7179.997637,-2145.067394
22554.421440,-3256.906145,-9474.636058,-76.609550
22554.421773,1702.473667,-9474.636058,1149.143247
22554.422106,-1258.350101,-4737.318029,1149.143247
22554.422439,3478.967927,-8290.306550,3600.648841
22554.422773,2590.720797,-9030.512492,4596.572988
22554.423106,2516.700203,-10732.986159,3830.477490
22554.423439,1702.473667,-10362.883188,4903.011187
22554.423772,5477.523971,-7994.224174,1762.019645
22554.424105,3330.926739,-10436.903782,766.095498
22554.424438,518.144159,-8438.347739,-995.924147
22554.424771,-3997.112087,-9178.553681,-7124.688131
22554.425104,-5921.647536,-9548.656652,-7354.516781
22554.425437,-6661.853478,-11843.295072,-4979.620737
22554.425770,-1850.514855,-11843.295072,-383.047749
22554.426103,0.000000,-5403.503377,4903.011187
22554.426436,2294.638420,-7698.141797,5898.935335
22554.426769,4663.297435,-4811.338623,4903.011187
22554.427102,2442.679609,-8586.388927,1608.800546
22554.427435,3552.988522,-11769.274478,-1838.629195
22554.427768,1776.494261,-14952.160028,2757.943793
22554.428101,2368.659014,-11621.233289,1838.629195
22554.428434,2294.638420,-7105.977043,-76.609550
22554.428767,-2368.659014,-5995.668130,-4903.011187
22554.429100,0.000000,-7179.997637,0.000000
22554.429433,-2442.679609,-7105.977043,-1608.800546
22554.429766,-2368.659014,-8364.327145,-2145.067394
22554.430099,-4367.215058,-11843.295072,459.657299
22554.430432,-3182.885551,-12805.562797,-1838.629195
22554.430765,-370.102971,-11843.295072,4979.620737
22554.431098,3478.967927,-5773.606348,5439.278036
22554.431431,2294.638420,-11843.295072,1149.143247
22554.431764,5921.647536,-4811.338623,7354.516781
22554.432097,1702.473667,-10362.883188,2987.772442
22554.432430,5255.462188,-1850.514855,-3064.381992
22554.432763,1110.308913,-10362.883188,-76.609550
22554.433096,-5329.482782,-12953.603985,-7354.516781
22554.433429,4293.194464,-8216.285956,-1838.629195
22554.433762,-3923.091493,-13915.871710,-4213.525239
22554.434095,1184.329507,-11325.150913,-2451.505594
22554.434428,-2146.597232,-9770.718434,3830.477490
22554.434761,1184.329507,-7179.997637,2987.772442
22554.435094,4663.297435,-7105.977043,9116.536426
22554.435427,-1480.411884,-5995.668130,2451.505594
22554.435760,2368.659014,-6587.832884,4979.620737
22554.436094,-2146.597232,-9178.553681,3064.381992
22554.436427,2664.741391,-4663.297435,-5439.278036
22554.436760,-4737.318029,-11547.212695,-1991.848295
22554.437093,-666.185348,-8586.388927,-8044.002729
22554.437426,-7994.224174,-12213.398043,-6435.202183
22554.437759,-3034.844362,-11843.295072,-5592.497135
22554.438092,1998.556043,-8512.368333,-4596.572988
22554.438425,740.205942,-12805.562797,9116.536426
22554.438758,7772.162391,-3923.091493,9422.974625
22554.439091,444.123565,-8216.285956,10342.289223
22554.439424,5255.462188,-5255.462188,3677.258390
22554.439757,2442.679609,-8882.471304,1762.019645
22554.440090,1702.473667,-10955.047942,-76.609550
22554.440423,-1776.494261,-11621.233289,-3830.477490
22554.440756,-5181.441594,-10658.965565,-6205.373534
22554.441089,-9474.636058,-9844.739029,-8427.050478
22554.441422,-1702.473667,-8290.306550,-4366.744339
22554.441755,1702.473667,-16284.530724,4060.306139
22554.442088,-2368.659014,4663.297435,-4903.011187
22554.442421,0.000000,-18431.127956,7660.954980
22554.442754,2590.720797,-2664.741391,8503.660028
22554.443087,11473.192101,10436.903782,3830.477490
22554.443420,-2146.597232,-26647.413912,6971.469032
22554.443753,6587.832884,-22576.281231,2221.676944
22554.444086,4959.379811,1776.494261,-2221.676944
22554.444419,8364.327145,370.102971,-1072.533697
22554.444752,1110.308913,-9474.636058,-4366.744339
22554.445085,-10658.965565,-19615.457463,-383.047749
22554.445418,-5033.400406,-13545.768739,-1302.362347
22554.445751,-2442.679609,-12435.459826,0.000000
22554.446084,-2960.823768,-10436.903782,-1838.629195
22554.446417,4071.132681,-1184.329507,-4596.572988
22554.446750,2590.720797,-6513.812290,1838.629195
22554.447083,5255.462188,-6365.771101,2221.676944
22554.447416,4737.318029,-8438.347739,7048.078582
22554.447749,1776.494261,-7772.162391,4903.011187
22554.448082,5921.647536,-5551.544565,6511.811733
22554.448415,4071.132681,-4737.318029,4826.401637
22554.448748,3478.967927,-6809.894666,76.609550
22554.449082,-1406.391290,-3552.988522,2221.676944
22554.449415,-5329.482782,-7476.080014,-6128.763984
22554.449748,-4737.318029,-16210.510130,-2757.943793
22554.450081,-8142.265362,-16358.551318,-1455.581446
22554.450414,-3627.009116,-15100.201217,-1302.362347
22554.450747,-2368.659014,-17320.819043,7890.783629
22554.451080,4663.297435,-11843.295072,-76.609550
22554.451413,1776.494261,-7476.080014,3983.696590
22554.451746,4589.276840,-8290.306550,3600.648841
22554.452079,7031.956449,-8882.471304,-76.609550
22554.452412,592.164754,-9548.656652,1378.971896
22554.452745,4663.297435,-4885.359217,-4979.620737
22554.453078,-3923.091493,-11103.089130,-5286.058936
22554.453411,3775.050304,-6809.894666,-8810.098227
22554.453744,-3923.091493,-17764.942608,-6205.373534
22554.454077,-370.102971,-13323.706956,-4673.182538
22554.454410,-4663.297435,-12287.418637,-6818.249932
22554.454743,-4219.173869,-13175.665768,842.705048
22554.455076,-1554.432478,-4811.338623,612.876398
22554.455409,-1776.494261,-5995.668130,8580.269578
22554.455742,5403.503377,-4441.235652,9116.536426
22554.456075,4071.132681,-2368.659014,4826.401637
22554.456408,1184.329507,-3034.844362,7354.516781
22554.456741,1406.391290,-2960.823768,536.266849
22554.457074,-5921.647536,-11029.068536,-4519.963438
22554.457407,-3404.947333,-9770.718434,-5209.449386
22554.457740,-1702.473667,-13101.645173,-5056.230287
22554.458073,-2960.823768,-14285.974681,1838.629195
22554.458406,2738.761985,-5255.462188,-1225.752797
22554.458739,-74.020594,-15988.448347,3600.648841
22554.459072,7328.038826,-3552.988522,8044.002729
22554.459405,0.000000,-7179.997637,8580.269578
22554.459738,2368.659014,-5255.462188,7967.393179
22554.460071,1480.411884,-6143.709319,2374.896044
22554.460404,1332.370696,-8364.327145,3907.087040
22554.460737,3182.885551,-5329.482782,2068.457845
22554.461070,2886.803174,-5329.482782,-3753.867940
22554.461403,-3552.988522,-13101.645173,-4903.011187
22554.461736,-3775.050304,-8882.471304,-10342.289223
22554.462070,-5625.565159,-16654.633695,-2451.505594
22554.462403,-1850.514855,-9474.636058,-2834.553343
22554.462736,1702.473667,-11843.295072,1762.019645
22554.463069,3034.844362,-9474.636058,5439.278036
22554.463402,8734.430116,-6365.771101,12104.308868
22554.463735,4885.359217,-4515.256246,3370.820191
22554.464068,5921.647536,-8882.471304,1455.581446
22554.464401,4071.132681,-12731.542202,4519.963438
22554.464734,-2960.823768,-14285.974681,-3524.039291
22554.465067,1776.494261,-12657.521608,-76.609550
22554.465400,-7179.997637,-15692.365970,-7890.783629
22554.465733,-1776.494261,-4219.173869,-7967.393179
22554.466066,-3627.009116,-10214.842000,-4826.401637
22554.466399,-1406.391290,-7179.997637,-4290.134789
22554.466732,-1406.391290,-8438.347739,2068.457845
22554.467065,1628.453072,-7920.203579,4366.744339
22554.467398,2590.720797,-8290.306550,2681.334243
22554.467731,1184.329507,-4811.338623,4826.401637
22554.468064,7920.203579,-10658.965565,2987.772442
22554.468397,3182.885551,-6587.832884,4903.011187
22554.468730,2368.659014,-5995.668130,-1225.752797
22554.469063,-3923.091493,-13915.871710,-5362.668486
22554.469396,-5033.400406,-9548.656652,-6052.154434
22554.469729,-5773.606348,-8734.430116,-5975.544884
22554.470062,-3330.926739,-7698.141797,1455.581446
22554.470395,-2442.679609,-3552.988522,0.000000
22554.470728,-2294.638420,-7846.182985,2068.457845
22554.471061,2294.638420,-7994.224174,6665.030833
22554.471394,2960.823768,-7920.203579,5898.935335
22554.471727,296.082377,-11103.089130,5439.278036
22554.472060,3182.885551,-9178.553681,3753.867940
22554.472393,-3997.112087,-9548.656652,0.000000
22554.472726,5773.606348,-11251.130318,1762.019645
22554.473059,3478.967927,-10658.965565,0.000000
22554.473392,0.000000,-5995.668130,-1225.752797
22554.473725,-1998.556043,-6365.771101,-995.924147
22554.474058,-5773.606348,-8438.347739,-4903.011187
22554.474391,-2072.576638,-11399.171507,-5745.716235
22554.474724,-1258.350101,-15396.283594,2374.896044
22554.475058,4663.297435,-7105.977043,0.000000
22554.475391,5329.482782,-9474.636058,9116.536426
22554.475724,3478.967927,-11843.295072,4826.401637
22554.476057,5921.647536,-4811.338623,3677.258390
22554.476390,-666.185348,-14063.912898,-76.609550
22554.476723,2664.741391,-6883.915261,-3524.039291
22554.477056,-4071.132681,-11621.233289,-3370.820191
22554.477389,-444.123565,-7772.162391,-2681.334243
22554.477722,0.000000,-5403.503377,-5975.544884
22554.478055,-74.020594,-6587.832884,-6128.763984
22554.478388,0.000000,-13323.706956,-76.609550
22554.478721,-370.102971,-10881.027347,0.000000
22554.479054,0.000000,-9548.656652,306.438199
22554.479387,-740.205942,-11917.315666,2374.896044
22554.479720,222.061783,-11843.295072,3753.867940
22554.480053,4367.215058,-6957.935855,5362.668486
22554.480386,814.226536,-9474.636058,5286.058936
22554.480719,4663.297435,-1776.494261,1762.019645
22554.481052,-1776.494261,-6587.832884,-2911.162892
22554.481385,2294.638420,-9474.636058,-2528.115143
22554.481718,-1850.514855,-14137.933492,-2451.505594
22554.482051,-3997.112087,-7179.997637,-5822.325785
22554.482384,-2368.659014,-14211.954086,-1072.533697
22554.482717,-2072.576638,-8364.327145,-3830.477490
22554.483050,3923.091493,-9252.574275,3677.258390
22554.483383,1554.432478,-8512.368333,4903.011187
22554.483716,3478.967927,-7402.059420,2681.334243
22554.484049,592.164754,-9474.636058,4826.401637
22554.484382,2738.761985,-8364.327145,5515.887586
22554.484715,2368.659014,-3034.844362,4290.134789
22554.485048,4663.297435,-11843.295072,1455.581446
22554.485381,-518.144159,-8734.430116,-1838.629195
22554.485714,-74.020594,-9918.759623,-1608.800546
22554.486047,-3330.926739,-10881.027347,-5286.058936
22554.486380,-1406.391290,-10436.903782,-2298.286494
22554.486713,-8512.368333,-8956.491898,-4903.011187
22554.487046,2294.638420,-7994.224174,2374.896044
22554.487379,-1110.308913,-9696.697840,2681.334243
22554.487712,3849.070898,-8068.244768,5669.106685
22554.488046,3775.050304,-6661.853478,6128.763984
22554.488379,3478.967927,-7402.059420,3524.039291
22554.488712,3849.070898,-10436.903782,4519.963438
22554.489045,2294.638420,-11251.130318,-2221.676944
22554.489378,0.000000,-12509.480420,-5209.449386
22554.489711,-1776.494261,-15248.242405,1225.752797
22554.490044,-1258.350101,-5995.668130,-3983.696590
22554.490377,-1776.494261,-4515.256246,536.266849
22554.490710,-3108.864956,-5107.421000,-1991.848295
22554.491043,-962.267725,-6735.874072,-2298.286494
22554.491376,-2368.659014,-12509.480420,3677.258390
22554.491709,7031.956449,-11843.295072,4826.401637
22554.492042,-4737.318029,-12731.542202,3600.648841
22554.492375,1776.494261,-5403.503377,2604.724693
22554.492708,3997.112087,-11251.130318,2374.896044
22554.493041,4737.318029,-2442.679609,1378.971896
22554.493374,1850.514855,-9548.656652,-3447.429741
22554.493707,-5551.544565,-7254.018232,-6665.030833
22554.494040,-2442.679609,-12509.480420,-5286.058936
22554.494373,-7179.997637,-12879.583391,1149.143247
22554.494706,7031.956449,-3552.988522,-689.485948
22554.495039,-6809.894666,-15470.304188,2451.505594
22554.495372,8290.306550,-2442.679609,10725.336972
22554.495705,1110.308913,-9474.636058,2374.896044
22554.496038,6587.832884,-9474.636058,6511.811733
22554.496371,74.020594,-7476.080014,0.000000
22554.496704,222.061783,-11843.295072,459.657299
22554.497037,444.123565,-9474.636058,76.609550
22554.497370,-2146.597232,-11103.089130,-3907.087040
22554.497703,0.000000,-8364.327145,-3524.039291
22554.498036,-4441.235652,-8364.327145,-689.485948
22554.498369,-74.020594,-6809.894666,-5592.497135
22554.498702,-4219.173869,-9400.615463,-4903.011187
22554.499035,2886.803174,-12731.542202,-2528.115143
22554.499368,0.000000,-14656.077652,4903.011187
22554.499701,3256.906145,-11621.233289,8810.098227
22554.500034,5477.523971,-7105.977043,3907.087040
22554.500367,3775.050304,-5773.606348,7354.516781
22554.500700,3627.009116,-5255.462188,1149.143247
22554.501034,-74.020594,-8586.388927,-306.438199
22554.501367,-5625.565159,-10732.986159,-5975.544884
22554.501700,-2368.659014,-10584.944971,-7660.954980
22554.502033,-2442.679609,-10658.965565,-1915.238745
22554.502366,0.000000,-4811.338623,-4903.011187
22554.502699,-1480.411884,-13323.706956,0.000000
22554.503032,1110.308913,-11103.089130,-76.609550
22554.503365,-1184.329507,-11917.315666,1838.629195
22554.503698,5033.400406,-9770.718434,7277.907231
22554.504031,3256.906145,-9030.512492,4903.011187
22554.504364,3478.967927,-10584.944971,8197.221829
22554.504697,3701.029710,-8290.306550,4213.525239
22554.505030,2368.659014,-3034.844362,2451.505594
22554.505363,1998.556043,-4811.338623,-3370.820191
22554.505696,0.000000,-9326.594869,-1608.800546
22554.506029,-1258.350101,-10658.965565,-2528.115143
22554.506362,-7105.977043,-12213.398043,-4903.011187
22554.506695,-2368.659014,-5403.503377,-4903.011187
22554.507028,-7994.224174,-10732.986159,-3677.258390
22554.507361,3552.988522,-7254.018232,2681.334243
22554.507694,-1702.473667,-8586.388927,4213.525239
22554.508027,3775.050304,-8734.430116,4213.525239
22554.508360,74.020594,-9548.656652,3064.381992
22554.508693,2368.659014,-8956.491898,6281.983084
22554.509026,-74.020594,-9474.636058,689.485948
22554.509359,0.000000,-5995.668130,0.000000
22554.509692,-370.102971,-9474.636058,-1302.362347
22554.510025,-3404.947333,-7402.059420,-2604.724693
22554.510358,888.247130,-6143.709319,-1838.629195
22554.510691,-4219.173869,-10066.800811,-4903.011187
22554.511024,-666.185348,-10066.800811,-995.924147
22554.511357,-4737.318029,-9548.656652,2451.505594
22554.511690,3478.967927,-13619.789333,7277.907231
22554.512023,2886.803174,-9474.636058,4213.525239
22554.512356,4737.318029,-8364.327145,4903.011187
22554.512689,1702.473667,-6439.791695,1225.752797
22554.513022,370.102971,-9770.718434,-842.705048
22554.513355,2590.720797,-7105.977043,-842.705048
22554.513688,-5699.585753,-13397.727550,-2451.505594
22554.514021,-2812.782580,-8660.409521,-4290.134789
22554.514354,-3552.988522,-9252.574275,1762.019645
22554.514687,-74.020594,-7994.224174,-1608.800546
22554.515020,0.000000,-370.102971,0.000000
22554.515353,592.164754,-7179.997637,6741.640382
22554.515686,4367.215058,-8290.306550,3677.258390
22554.516019,7105.977043,-8142.265362,3217.601092
22554.516352,962.267725,-16580.613101,2374.896044
22554.516685,4293.194464,-7179.997637,-612.876398
22554.517018,1184.329507,-10732.986159,-2987.772442
22554.517351,4071.132681,-13175.665768,-3140.991542
22554.517684,3034.844362,-11621.233289,1838.629195
22554.518017,-1036.288319,-8290.306550,-3753.867940
22554.518350,2294.638420,-8882.471304,-383.047749
22554.518683,-962.267725,-4145.153275,-2987.772442
22554.519016,0.000000,-6587.832884,2221.676944
22554.519349,1110.308913,-11695.253884,9116.536426
22554.519682,-1850.514855,-8364.327145,0.000000
22554.520015,-74.020594,-13027.624579,6052.154434
22554.520348,-1554.432478,-10288.862594,2911.162892
22554.520681,888.247130,-6143.709319,919.314598
22554.521014,-3997.112087,-9548.656652,0.000000
22554.521347,-3330.926739,-8956.491898,-2911.162892
22554.521680,-4811.338623,-8364.327145,-3677.258390
22554.522013,-8882.471304,-11177.109724,-76.609550
22554.522346,-2442.679609,-5329.482782,-1608.800546
22554.522679,-7476.080014,-5477.523971,-3677.258390
22554.523012,-6365.771101,-10066.800811,0.000000
22554.523345,-5625.565159,-9252.574275,-612.876398
22554.523678,-7772.162391,-13693.809927,-1225.752797
22554.524011,-2886.803174,-14582.057057,4213.525239
22554.524344,-5921.647536,-11621.233289,4903.011187
22554.524677,-4219.173869,-10140.821405,2451.505594
22554.525010,-3627.009116,-9474.636058,6971.469032
22554.525343,-5403.503377,-3849.070898,-612.876398
22554.525676,-5921.647536,-3627.009116,0.000000
22554.526009,-7550.100608,-9104.533087,2451.505594
22554.526342,-7624.121203,-5699.585753,-3753.867940
22554.526675,-11621.233289,-10362.883188,-3294.210641
22554.527008,-11695.253884,-10584.944971,-5362.668486
22554.527341,-8660.409521,-11843.295072,-689.485948
22554.527674,-8882.471304,-8364.327145,3983.696590
22554.528007,-1850.514855,-7105.977043,-2374.896044
22554.528340,-4811.338623,-11103.089130,612.876398
22554.528673,-4145.153275,-9252.574275,2145.067394
22554.529006,-1554.432478,-11843.295072,3600.648841
22554.529339,-3923.091493,-14804.118840,2681.334243
22554.529672,-2812.782580,-10066.800811,2987.772442
22554.530005,-5329.482782,-6069.688724,2298.286494
22554.530338,-5403.503377,-6735.874072,0.000000
22554.530671,-4811.338623,-7105.977043,-1302.362347
22554.531004,-11769.274478,-6587.832884,-3064.381992
22554.531337,-7698.141797,-9844.739029,-3677.258390
22554.531670,-8364.327145,-13619.789333,-76.609550
22554.532003,-9844.739029,-12731.542202,-689.485948
22554.532336,-4811.338623,-9474.636058,2068.457845
22554.532669,-8660.409521,-11399.171507,2681.334243
22554.533002,-4515.256246,-6809.894666,842.705048
22554.533335,-8216.285956,-7402.059420,2068.457845
22554.533668,-5995.668130,-7105.977043,-1915.238745
22554.534001,-9326.594869,-10140.821405,919.314598
22554.534334,-8882.471304,-9474.636058,0.000000
22554.534667,-5773.606348,-6587.832884,-2528.115143
22554.535000,-10362.883188,-10732.986159,-2145.067394
22554.535333,-2146.597232,-8882.471304,1149.143247
22554.535666,-8364.327145,-11843.295072,-1915.238745
22554.535999,-4737.318029,-8364.327145,3983.696590
22554.536332,-6957.935855,-11843.295072,2068.457845
22554.536665,-4811.338623,-7328.038826,612.876398
22554.536998,-6661.853478,-8882.471304,3217.601092
22554.537331,-9400.615463,-9844.739029,-766.095498
22554.537664,-10732.986159,-8512.368333,-1915.238745
22554.537997,-11843.295072,-9400.615463,-2145.067394
22554.538330,-11325.150913,-11843.295072,-1915.238745
22554.538663,-15988.448347,-5995.668130,-3370.820191
22554.538996,-15396.283594,-9844.739029,-76.609550
22554.539329,-13249.686362,-7994.224174,-995.924147
22554.539662,-10658.965565,-7476.080014,3677.258390
22554.539995,-8660.409521,-9696.697840,5209.449386
22554.540328,-4811.338623,-7031.956449,6971.469032
22554.540661,-7254.018232,-8364.327145,5975.544884
22554.540994,-7772.162391,-7105.977043,1762.019645
22554.541327,-9548.656652,-10066.800811,-3753.867940
22554.541660,-11843.295072,-11917.315666,-76.609550
22554.541993,-13397.727550,-13027.624579,-6205.373534
22554.542326,-14434.015869,-12435.459826,-7660.954980
22554.542659,-14285.974681,-12731.542202,-1915.238745
22554.542992,-13471.748144,-7476.080014,459.657299
22554.543325,-10288.862594,-5033.400406,4060.306139
22554.543658,-8438.347739,-5995.668130,5822.325785
22554.543991,-7105.977043,-4219.173869,6128.763984
22554.544324,-8364.327145,-7624.121203,3830.477490
22554.544657,-9474.636058,-8956.491898,4213.525239
22554.544990,-9548.656652,-10362.883188,-3677.258390
22554.545323,-11251.130318,-11325.150913,-2451.505594
22554.545656,-11103.089130,-9844.739029,-4673.182538
22554.545989,-11917.315666,-9474.636058,-6511.811733
22554.546322,-11695.253884,-10288.862594,-4443.353888
22554.546655,-9992.780217,-7920.203579,-1915.238745
22554.546988,-7179.997637,-8586.388927,3294.210641
22554.547321,-11251.130318,-9548.656652,3524.039291
22554.547654,-7476.080014,-8290.306550,2374.896044
22554.547987,-5403.503377,-7254.018232,3907.087040
22554.548320,-4145.153275,-9252.574275,6052.154434
22554.548653,-4145.153275,-9844.739029,1915.238745
22554.548986,-5995.668130,-12287.418637,383.047749
22554.549319,-5921.647536,-10732.986159,76.609550
22554.549652,-9030.512492,-11029.068536,-2221.676944
22554.549985,-8364.327145,-10658.965565,-3753.867940
22554.550318,-13619.789333,-11769.274478,-2374.896044
22554.550651,-10584.944971,-5773.606348,-3370.820191
22554.550984,-10510.924376,-8364.327145,-459.657299
22554.551317,-7772.162391,-5773.606348,2145.067394
22554.551650,-5995.668130,-10362.883188,6052.154434
22554.551983,-10658.965565,-8364.327145,2451.505594
22554.552316,-6957.935855,-12731.542202,4213.525239
22554.552649,-9030.512492,-10436.903782,153.219100
22554.552982,-6809.894666,-9548.656652,612.876398
22554.553315,-7550.100608,-11251.130318,-76.609550
22554.553648,-9252.574275,-10658.965565,-995.924147
22554.553981,-10066.800811,-8142.265362,-536.266849
22554.554314,-9770.718434,-6661.853478,-1302.362347
22554.554647,-8956.491898,-5625.565159,-1455.581446
22554.554980,-10658.965565,-8068.244768,1762.019645
22554.555313,-9548.656652,-11251.130318,-76.609550
22554.555646,-10140.821405,-9548.656652,306.438199
22554.555979,-9474.636058,-10140.821405,3064.381992
22554.556312,-7476.080014,-9252.574275,2451.505594
22554.556645,-9622.677246,-10807.006753,536.266849
22554.556978,-8882.471304,-10140.821405,-612.876398
22554.557311,-9474.636058,-11843.295072,1302.362347
22554.557644,-11103.089130,-7772.162391,306.438199
22554.557977,-11917.315666,-12435.459826,-76.609550
22554.558310,-13989.892304,-5403.503377,-2451.505594
22554.558643,-12953.603985,-3034.844362,-3370.820191
22554.558976,-9918.759623,-5625.565159,-76.609550
22554.559309,-8882.471304,-7328.038826,2528.115143
22554.559642,-8364.327145,-8512.368333,536.266849
22554.559975,-9178.553681,-12065.356855,689.485948
22554.560308,-9548.656652,-13619.789333,76.609550
22554.560641,-9622.677246,-15322.262999,-76.609550
22554.560974,-7772.162391,-14211.954086,-76.609550
22554.561307,-7846.182985,-9696.697840,1991.848295
22554.561640,-7994.224174,-5995.668130,2451.505594
22554.561973,-7179.997637,-5329.482782,2068.457845
22554.562306,-11251.130318,-4811.338623,153.219100
22554.562639,-12065.356855,-6661.853478,-3064.381992
22554.562972,-15248.242405,-9918.759623,-4979.620737
22554.563305,-14804.118840,-12287.418637,-3677.258390
22554.563638,-11325.150913,-13619.789333,-76.609550
22554.563971,-7994.224174,-8734.430116,2757.943793
22554.564304,-5255.462188,-8068.244768,4596.572988
22554.564637,-3627.009116,-7179.997637,4213.525239
22554.564970,-4737.318029,-7179.997637,2451.505594
22554.565303,-5625.565159,-10436.903782,4596.572988
22554.565636,-3627.009116,-11843.295072,-76.609550
22554.565969,-9474.636058,-9548.656652,-4060.306139
22554.566302,-12731.542202,-10140.821405,-4596.572988
22554.566635,-14878.139434,-9918.759623,-7124.688131
22554.566968,-16284.530724,-9548.656652,-4826.401637
22554.567301,-15988.448347,-9770.718434,-2221.676944
22554.567634,-14137.933492,-8956.491898,2528.115143
22554.567967,-7994.224174,-7550.100608,8886.707777
22554.568300,-3997.112087,-3034.844362,11261.603821
22554.568633,-74.020594,-2960.823768,8810.098227
22554.568966,-2072.576638,-3627.009116,7354.516781
22554.569299,-2368.659014,-7328.038826,1838.629195
22554.569632,-5329.482782,-10881.027347,-4596.572988
22554.569965,-8438.347739,-15396.283594,-10035.851024
22554.570298,-10955.047942,-15914.427753,-11874.480219
22554.570631,-10510.924376,-14952.160028,-8963.317327
22554.570964,-7772.162391,-11251.130318,-4979.620737
22554.571297,-6513.812290,-8364.327145,2528.115143
22554.571630,-4071.132681,-5033.400406,4366.744339
22554.571963,0.000000,-5995.668130,12334.137518
22554.572296,3478.967927,-6513.812290,14632.424012
22554.572629,2294.638420,-6513.812290,9729.412825
22554.572962,1702.473667,-9178.553681,6588.421283
22554.573295,74.020594,-10140.821405,2374.896044
22554.573628,-2664.741391,-11029.068536,-919.314598
22554.573961,-4293.194464,-11029.068536,-3830.477490
22554.574294,-7179.997637,-14211.954086,-5592.497135
22554.574627,-12435.459826,-11325.150913,-5515.887586
22554.574960,-10658.965565,-8660.409521,-2298.286494
22554.575293,-5551.544565,-9178.553681,-76.609550
22554.575626,-7105.977043,-5995.668130,3677.258390
22554.575959,-3627.009116,-5995.668130,8580.269578
22554.576292,-2294.638420,-7105.977043,11261.603821
22554.576625,-1184.329507,-7772.162391,10648.727422
22554.576958,518.144159,-10214.842000,9806.022374
22554.577291,0.000000,-9548.656652,5822.325785
22554.577624,592.164754,-12657.521608,9729.412825
22554.577957,-666.185348,-9178.553681,4213.525239
22554.578290,-3627.009116,-8882.471304,766.095498
22554.578623,-7105.977043,-9548.656652,3677.258390
22554.578956,-6069.688724,-9252.574275,5056.230287
22554.579289,-6883.915261,-9178.553681,7584.345430
22554.579622,-7105.977043,-8512.368333,11031.775171
22554.579955,-5477.523971,-7254.018232,14402.595362
22554.580288,-1850.514855,-6069.688724,17466.977354
22554.580621,0.000000,-7698.141797,21067.626195
22554.580954,148.041188,-8142.265362,20224.921147
22554.581287,0.000000,-9104.533087,18616.120601
22554.581620,1110.308913,-10362.883188,18922.558801
22554.581953,-1258.350101,-6735.874072,13483.280765
22554.582286,-3849.070898,-8364.327145,12257.527968
22554.582619,-2590.720797,-9474.636058,13406.671215
22554.582952,-3330.926739,-4219.173869,14709.033562
22554.583285,0.000000,-4219.173869,19152.387450
22554.583618,1184.329507,-3849.070898,18999.168350
22554.583951,1036.288319,-5699.585753,19918.482948
22554.584284,1258.350101,-8586.388927,20454.749797
22554.584617,1110.308913,-10658.965565,18922.558801
22554.584950,1702.473667,-9992.780217,16547.662757
22554.585283,1332.370696,-13323.706956,21986.940793
22554.585616,1110.308913,-8290.306550,18309.682402
22554.585949,0.000000,-5551.544565,20991.016645
22554.586282,2294.638420,-6809.894666,19535.435199
22554.586615,2516.700203,-2442.679609,20607.968896
22554.586948,2516.700203,-2146.597232,20301.530697
22554.587281,1258.350101,-2738.761985,16471.053207
22554.587614,-3404.947333,-2442.679609,11644.651570
22554.587947,-2442.679609,-4811.338623,5515.887586
22554.588280,-148.041188,-14211.954086,13406.671215
22554.588613,-74.020594,-14582.057057,14709.033562
22554.588946,-2368.659014,-11029.068536,15015.471761
22554.589279,-1776.494261,-8364.327145,15398.519510
22554.589612,2960.823768,-7105.977043,18462.901502
22554.589945,4219.173869,-6291.750507,19612.044749
22554.590278,3256.906145,-5181.441594,18462.901502
22554.590611,-74.020594,-5921.647536,15858.176809
22554.590944,-4145.153275,-5403.503377,9806.022374
22554.591277,-3627.009116,-9474.636058,5745.716235
22554.591610,-5699.585753,-8068.244768,4903.011187
22554.591943,-1332.370696,-10955.047942,8580.269578
22554.592276,2886.803174,-9474.636058,12180.918418
22554.592609,2220.617826,-5255.462188,8580.269578
22554.592942,1924.535449,-8882.471304,8810.098227
22554.593275,1406.391290,-9918.759623,9422.974625
22554.593608,-1036.288319,-11473.192101,8580.269578
22554.593941,4367.215058,-14211.954086,12180.918418
22554.594274,0.000000,-5995.668130,7354.516781
22554.594607,0.000000,-3627.009116,5439.278036
22554.594940,-74.020594,-6513.812290,1302.362347
22554.595273,-814.226536,-10066.800811,3140.991542
22554.595606,-3034.844362,-10658.965565,536.266849
22554.595939,518.144159,-10807.006753,1685.410096
22554.596272,3034.844362,-10288.862594,5362.668486
22554.596605,2960.823768,-8364.327145,6588.421283
22554.596938,4663.297435,-8290.306550,6665.030833
22554.597271,222.061783,-6883.915261,2987.772442
22554.597604,1406.391290,-9400.615463,3447.429741
22554.597937,2886.803174,-12657.521608,5745.716235
22554.598270,0.000000,-10732.986159,4443.353888
22554.598603,-1332.370696,-8882.471304,5439.278036
22554.598936,-74.020594,-6513.812290,1149.143247
22554.599269,0.000000,-6735.874072,3217.601092
22554.599602,296.082377,-10658.965565,4290.134789
22554.599935,-666.185348,-9622.677246,0.000000
22554.600268,-1258.350101,-11991.336260,1149.143247
22554.600601,-370.102971,-10510.924376,3294.210641
22554.600934,1998.556043,-7624.121203,5209.449386
22554.601267,740.205942,-7179.997637,5515.887586
22554.601600,6439.791695,-9474.636058,6665.030833
22554.601933,1480.411884,-10732.986159,4903.011187
22554.602266,0.000000,-11917.315666,7354.516781
22554.602599,-74.020594,-11843.295072,5439.278036
22554.602932,-4737.318029,-5107.421000,5515.887586
22554.603265,-1258.350101,-4737.318029,3907.087040
22554.603598,-1702.473667,-6365.771101,2145.067394
22554.603931,-1036.288319,-9770.718434,3370.820191
22554.604264,2294.638420,-17468.860231,9729.412825
22554.604597,2886.803174,-14211.954086,10495.508323
22554.604930,0.000000,-8586.388927,12487.356617
22554.605263,-74.020594,-4219.173869,7890.783629
22554.605595,4071.132681,-7105.977043,6818.249932
22554.605928,4885.359217,-14804.118840,13942.938064
22554.606261,1184.329507,-9770.718434,13406.671215
22554.606594,-1850.514855,-7994.224174,8197.221829
22554.606927,-4145.153275,-5403.503377,8580.269578
22554.607260,296.082377,-8512.368333,12257.527968
22554.607593,-2960.823768,-7179.997637,12793.794817
22554.607926,-4737.318029,-5403.503377,10189.070123
22554.608259,-74.020594,-8290.306550,9729.412825
22554.608592,4663.297435,-8290.306550,17083.929605
22554.608925,2442.679609,-9548.656652,19918.482948
22554.609257,3404.947333,-8808.450710,20991.016645
22554.609590,2294.638420,-6365.771101,16471.053207
22554.609923,1184.329507,-7772.162391,17390.367805
22554.610256,2368.659014,-8586.388927,17466.977354
22554.610589,2072.576638,-8808.450710,18309.682402
22554.610922,0.000000,-4811.338623,15015.471761
22554.611255,-962.267725,-4811.338623,14709.033562
22554.611588,-1554.432478,-8882.471304,17083.929605
22554.611921,-3256.906145,-8290.306550,17083.929605
22554.612254,-4145.153275,-2442.679609,17466.977354
22554.612587,1554.432478,-3849.070898,14019.547613
22554.612919,2886.803174,-7179.997637,17160.539155
22554.613252,2886.803174,-8290.306550,19535.435199
22554.613585,2294.638420,-7105.977043,17543.586904
22554.613918,1850.514855,-5921.647536,17083.929605
22554.614251,-370.102971,-5921.647536,9729.412825
22554.614584,-148.041188,-8364.327145,10342.289223
22554.614917,-74.020594,-13619.789333,12180.918418
22554.615250,814.226536,-11177.109724,13406.671215
22554.615583,-1258.350101,-6291.750507,8886.707777
22554.615916,-1776.494261,-6291.750507,8580.269578
22554.616249,-2368.659014,-7179.997637,8733.488677
22554.616582,0.000000,-11621.233289,12487.356617
22554.616914,1998.556043,-11547.212695,14709.033562
22554.617247,1702.473667,-8882.471304,14632.424012
22554.617580,3849.070898,-8512.368333,16547.662757
22554.617913,3552.988522,-8364.327145,19612.044749
22554.618246,2590.720797,-5033.400406,13483.280765
22554.618579,0.000000,-3034.844362,9039.926876
22554.618912,-2442.679609,-4737.318029,-612.876398
22554.619245,1702.473667,-7698.141797,3140.991542
22554.619578,0.000000,-13101.645173,13253.452115
22554.619911,-2368.659014,-11473.192101,9806.022374
22554.620244,-3330.926739,-3478.967927,919.314598
22554.620576,-1776.494261,-8068.244768,3830.477490
22554.620909,5329.482782,-9548.656652,11261.603821
22554.621242,6439.791695,-14211.954086,9729.412825
22554.621575,3701.029710,-8512.368333,8580.269578
22554.621908,1184.329507,-7772.162391,9116.536426
22554.622241,4663.297435,-7698.141797,5439.278036
22554.622574,296.082377,-5403.503377,1838.629195
22554.622907,-2146.597232,-9326.594869,-4826.401637
22554.623240,-1924.535449,-11473.192101,-4596.572988
22554.623573,-3478.967927,-11399.171507,-5056.230287
22554.623906,-74.020594,-12139.377449,-689.485948
22554.624239,-370.102971,-7254.018232,-1149.143247
22554.624571,0.000000,-8660.409521,3524.039291
22554.624904,1110.308913,-7698.141797,-689.485948
22554.625237,-370.102971,-7772.162391,-4903.011187
22554.625570,2368.659014,-18209.066173,6052.154434
22554.625903,3404.947333,-10732.986159,6205.373534
22554.626236,0.000000,-3627.009116,-536.266849
22554.626569,-518.144159,1110.308913,-8427.050478
22554.626902,-74.020594,-11547.212695,-3140.991542
22554.627235,-814.226536,-12139.377449,-3907.087040
22554.627568,0.000000,-8956.491898,-6665.030833
22554.627901,-666.185348,-9770.718434,-6281.983084
22554.628233,0.000000,-8364.327145,-7354.516781
22554.628566,1480.411884,-9844.739029,-2451.505594
22554.628899,2886.803174,-15396.283594,-3753.867940
22554.629232,-1258.350101,-13027.624579,-7431.126331
22554.629565,-2072.576638,-13101.645173,-4903.011187
22554.629898,1776.494261,-12509.480420,1225.752797
22554.630231,1480.411884,-9918.759623,4826.401637
22554.630564,3627.009116,2146.597232,-4213.525239
22554.630897,296.082377,-4811.338623,-6741.640382
22554.631230,-666.185348,-10658.965565,-7431.126331
22554.631563,-2294.638420,-9548.656652,-8963.317327
22554.631895,-2442.679609,-11547.212695,-7967.393179
22554.632228,-2368.659014,-7920.203579,-9806.022374
22554.632561,1628.453072,-13767.830521,-2528.115143
22554.632894,-74.020594,-20281.642811,2834.553343
22554.633227,3256.906145,-14434.015869,4213.525239
22554.633560,5255.462188,-6069.688724,3600.648841
22554.633893,7105.977043,-3108.864956,1455.581446
22554.634226,5773.606348,-5329.482782,4826.401637
22554.634559,592.164754,-7476.080014,842.705048
22554.634892,-3552.988522,-11917.315666,-7354.516781
22554.635225,-4737.318029,-12509.480420,-5286.058936
22554.635558,-2442.679609,-8956.491898,-8273.831378
22554.635890,-2442.679609,-10362.883188,-2451.505594
22554.636223,-74.020594,-2664.741391,-5132.839837
22554.636556,-2146.597232,-10214.842000,-2068.457845
22554.636889,1850.514855,-15396.283594,5745.716235
22554.637222,3108.864956,-13101.645173,8273.831378
22554.637555,3478.967927,-11251.130318,9116.536426
22554.637888,1776.494261,-666.185348,6052.154434
22554.638221,-1776.494261,-7772.162391,6052.154434
22554.638554,-666.185348,-8808.450710,0.000000
22554.638887,0.000000,-13101.645173,5515.887586
22554.639220,-2294.638420,-7550.100608,1378.971896
22554.639552,-888.247130,-5699.585753,-1302.362347
22554.639885,-1036.288319,-9622.677246,2834.553343
22554.640218,0.000000,-3627.009116,459.657299
22554.640551,-1480.411884,-7179.997637,0.000000
22554.640884,4737.318029,-15248.242405,7277.907231
22554.641217,-74.020594,-15692.365970,5132.839837
22554.641550,-666.185348,-9548.656652,4290.134789
22554.641883,592.164754,-7476.080014,6741.640382
22554.642216,1406.391290,-7476.080014,7354.516781
22554.642549,5181.441594,-740.205942,7277.907231
22554.642882,222.061783,-7772.162391,4443.353888
22554.643215,0.000000,-11029.068536,8503.660028
22554.643547,-1998.556043,-6143.709319,3983.696590
22554.643880,-3034.844362,-8364.327145,4979.620737
22554.644213,-1258.350101,-1776.494261,-1915.238745
22554.644546,-4367.215058,-7179.997637,-2681.334243
22554.644879,5551.544565,-9474.636058,4826.401637
22554.645212,1110.308913,-14285.974681,4903.011187
22554.645545,1258.350101,-12435.459826,10955.165621
22554.645878,1702.473667,-8734.430116,4060.306139
22554.646211,1184.329507,-12583.501014,9806.022374
22554.646544,6217.729913,-4071.132681,10342.289223
22554.646877,1776.494261,-3997.112087,1991.848295
22554.647209,2146.597232,-5921.647536,383.047749
22554.647542,-1924.535449,-9622.677246,1608.800546
22554.647875,-4219.173869,-11991.336260,995.924147
22554.648208,-7994.224174,-7179.997637,0.000000
22554.648541,-1258.350101,-9178.553681,-3753.867940
22554.648874,4219.173869,-5921.647536,2068.457845
22554.649207,2368.659014,-9548.656652,7354.516781
22554.649540,1184.329507,-10140.821405,8120.612279
22554.649873,3034.844362,-9844.739029,7354.516781
22554.650206,-962.267725,-8586.388927,2451.505594
22554.650539,-2220.617826,-4219.173869,-3753.867940
22554.650871,-1258.350101,-11843.295072,-4979.620737
22554.651204,-1480.411884,-12953.603985,1149.143247
22554.651537,-74.020594,-5403.503377,-4290.134789
22554.651870,1184.329507,-8068.244768,1455.581446
22554.652203,-666.185348,-7698.141797,-3753.867940
22554.652536,1998.556043,-14804.118840,-3753.867940
22554.652869,1628.453072,-12657.521608,0.000000
22554.653202,3701.029710,-11843.295072,-2604.724693
22554.653535,3849.070898,-9770.718434,1455.581446
22554.653868,2664.741391,-7179.997637,1378.971896
22554.654201,5255.462188,-8290.306550,-2528.115143
22554.654534,-2368.659014,-7772.162391,-8580.269578
22554.654866,0.000000,-13693.809927,-10495.508323
22554.655199,-1258.350101,-11843.295072,-9882.631924
22554.655532,-2368.659014,-14285.974681,-2757.943793
22554.655865,-1184.329507,-8660.409521,1225.752797
22554.656198,-5329.482782,-2664.741391,-4366.744339
22554.656531,222.061783,-7031.956449,-8886.707777
22554.656864,2294.638420,-20059.581028,1149.143247
22554.657197,-74.020594,-9548.656652,1225.752797
22554.657530,296.082377,-11103.089130,1455.581446
22554.657863,222.061783,-2960.823768,-76.609550
22554.658196,1184.329507,-4811.338623,306.438199
22554.658528,7328.038826,-12805.562797,5362.668486
22554.658861,5921.647536,-16802.674883,6128.763984
22554.659194,2072.576638,-7031.956449,-2451.505594
22554.659527,0.000000,-4441.235652,-2221.676944
22554.659860,1110.308913,-8290.306550,-76.609550
22554.660193,-4737.318029,-6735.874072,-5362.668486
22554.660526,-5699.585753,-14508.036463,-6435.202183
22554.660859,-5033.400406,-14804.118840,-5669.106685
22554.661192,-1628.453072,-10732.986159,76.609550
22554.661525,5181.441594,-10658.965565,10342.289223
22554.661858,1850.514855,-74.020594,9806.022374
22554.662191,-2368.659014,-666.185348,4903.011187
22554.662523,-74.020594,-10658.965565,1455.581446
22554.662856,-2294.638420,-12065.356855,-3370.820191
22554.663189,1480.411884,-9844.739029,1149.143247
22554.663522,2664.741391,-2146.597232,766.095498
22554.663855,1332.370696,-5403.503377,-3524.039291
22554.664188,-962.267725,-6439.791695,-2834.553343
22554.664521,1110.308913,-13619.789333,-4060.306139
22554.664854,2146.597232,-16654.633695,0.000000
22554.665187,3478.967927,-15396.283594,6741.640382
22554.665520,2886.803174,-12435.459826,6052.154434
22554.665853,-2442.679609,-7179.997637,4290.134789
22554.666185,-74.020594,-6365.771101,2374.896044
22554.666518,1998.556043,-14211.954086,7890.783629
22554.666851,-1628.453072,-9696.697840,7277.907231
22554.667184,-4737.318029,-1110.308913,-3600.648841
22554.667517,-6365.771101,-3627.009116,-2911.162892
22554.667850,0.000000,-74.020594,2451.505594
22554.668183,1702.473667,-13619.789333,3294.210641
22554.668516,3182.885551,-13027.624579,6052.154434
22554.668849,0.000000,-14285.974681,6128.763984
22554.669182,4515.256246,-12509.480420,10418.898773
22554.669515,5403.503377,-2294.638420,8120.612279
22554.669847,1998.556043,-4737.318029,1991.848295
22554.670180,5181.441594,-7772.162391,1455.581446
22554.670513,1036.288319,-18283.086767,6741.640382
22554.670846,-2368.659014,-7772.162391,7277.907231
22554.671179,-4811.338623,-5921.647536,-1302.362347
22554.671512,-6809.894666,-7772.162391,-3064.381992
22554.671845,-1776.494261,-5403.503377,-1302.362347
22554.672178,0.000000,-9548.656652,2757.943793
22554.672511,-296.082377,-10584.944971,766.095498
22554.672844,-444.123565,-7550.100608,153.219100
22554.673177,3256.906145,-4071.132681,4826.401637
22554.673510,4663.297435,-9474.636058,7737.564530
22554.673842,3478.967927,-13027.624579,3907.087040
22554.674175,0.000000,-4811.338623,-1838.629195
22554.674508,296.082377,-16876.695478,8503.660028
22554.674841,-1258.350101,-12435.459826,2451.505594
22554.675174,-1184.329507,-11325.150913,7967.393179
22554.675507,2442.679609,-888.247130,689.485948
22554.675840,-1628.453072,7105.977043,-9269.755526
22554.676173,-1850.514855,-6217.729913,-8733.488677
22554.676506,1406.391290,-12731.542202,-2145.067394
22554.676839,2590.720797,-14211.954086,2834.553343
22554.677172,-1406.391290,-7402.059420,-3677.258390
22554.677504,-2812.782580,-12361.439231,-3294.210641
22554.677837,-74.020594,-20947.828159,2068.457845
22554.678170,4071.132681,-13027.624579,5439.278036
22554.678503,5921.647536,-2072.576638,-1302.362347
22554.678836,1406.391290,-8956.491898,-8273.831378
22554.679169,1480.411884,-11843.295072,-4290.134789
22554.679502,1184.329507,-14878.139434,5515.887586
22554.679835,-1184.329507,-7179.997637,2757.943793
22554.680168,-2146.597232,3849.070898,-8963.317327
22554.680501,-2812.782580,-1480.411884,-9193.145976
22554.680834,-5033.400406,-23316.487173,3600.648841
22554.681167,-5773.606348,-20207.622217,5515.887586
22554.681499,-1258.350101,-4737.318029,-1302.362347
22554.681832,5847.626942,-1480.411884,-1838.629195
22554.682165,7105.977043,-3330.926739,6281.983084
22554.682498,7031.956449,-4737.318029,1762.019645
22554.682831,4145.153275,-15988.448347,-2834.553343
22554.683164,2442.679609,-10288.862594,-4826.401637
22554.683497,888.247130,-9030.512492,-2221.676944
22554.683830,-4737.318029,-13027.624579,-5669.106685
22554.684163,-7328.038826,-19393.395680,-5592.497135
22554.684496,-4219.173869,-9696.697840,-11031.775171
22554.684829,-1480.411884,-11325.150913,-4903.011187
22554.685161,2960.823768,-6143.709319,-76.609550
22554.685494,5181.441594,-7328.038826,6741.640382
22554.685827,7624.121203,-3849.070898,12180.918418
22554.686160,2072.576638,5255.462188,3830.477490
22554.686493,-2738.761985,-6365.771101,-3753.867940
22554.686826,-2960.823768,-16950.716072,-4903.011187
22554.687159,518.144159,-12731.542202,-3294.210641
22554.687492,-1480.411884,-9548.656652,0.000000
22554.687825,0.000000,-11843.295072,-76.609550
22554.688158,-6587.832884,-9474.636058,-8044.002729
22554.688491,0.000000,-11917.315666,-3064.381992
22554.688823,4663.297435,-5625.565159,-689.485948
22554.689156,592.164754,-7179.997637,2528.115143
22554.689489,2886.803174,-9474.636058,3677.258390
22554.689822,-814.226536,-13101.645173,7507.735880
22554.690155,1406.391290,-4737.318029,3600.648841
22554.690488,444.123565,-8956.491898,459.657299
22554.690821,444.123565,-8956.491898,-2374.896044
22554.691154,-962.267725,-21095.869347,153.219100
22554.691487,1480.411884,-6883.915261,4290.134789
22554.691820,1702.473667,5921.647536,-4366.744339
22554.692153,-148.041188,-1258.350101,-3524.039291
22554.692486,-4737.318029,-19023.292709,1838.629195
22554.692818,-4811.338623,-17172.777854,-3907.087040
22554.693151,-4145.153275,-11917.315666,-1838.629195
22554.693484,1480.411884,-13915.871710,7277.907231
22554.693817,5995.668130,-3552.988522,9576.193725
22554.694150,3108.864956,-666.185348,7354.516781
22554.694483,6735.874072,-10658.965565,7277.907231
22554.694816,3552.988522,-11843.295072,4826.401637
22554.695149,0.000000,-7772.162391,306.438199
22554.695482,-74.020594,-5921.647536,-4979.620737
22554.695815,-5995.668130,-8882.471304,-6281.983084
22554.696148,-666.185348,-6513.812290,-3753.867940
22554.696480,-148.041188,-11621.233289,-1915.238745
22554.696813,-1554.432478,-14508.036463,0.000000
22554.697146,-2368.659014,-12065.356855,-1149.143247
22554.697479,0.000000,-16062.468941,4903.011187
22554.697812,5847.626942,-9474.636058,9729.412825
22554.698145,0.000000,1110.308913,9193.145976
22554.698478,7624.121203,0.000000,5439.278036
22554.698811,2368.659014,-4811.338623,1225.752797
22554.699144,-1998.556043,-13693.809927,1149.143247
22554.699477,-4589.276840,-13693.809927,1378.971896
22554.699810,-3404.947333,-5255.462188,-3677.258390
22554.700143,-3108.864956,-2146.597232,-7507.735880
22554.700475,1036.288319,-7105.977043,-4366.744339
22554.700808,1702.473667,-14582.057057,-2451.505594
22554.701141,2294.638420,-16580.613101,4213.525239
22554.701474,2294.638420,-9474.636058,-2681.334243
22554.701807,1184.329507,-8364.327145,5515.887586
22554.702140,3330.926739,-9178.553681,5669.106685
22554.702473,3478.967927,-7105.977043,3370.820191
22554.702806,3256.906145,-5625.565159,2604.724693
22554.703139,-2664.741391,-11769.274478,-4903.011187
22554.703472,-3034.844362,-14211.954086,-2834.553343
22554.703804,-5921.647536,-12509.480420,-919.314598
22554.704137,-74.020594,0.000000,-7431.126331
22554.704470,-1110.308913,-74.020594,-9882.631924
22554.704803,2368.659014,-11917.315666,-1072.533697
22554.705136,5847.626942,-11843.295072,3370.820191
22554.705469,3849.070898,-13841.851115,5362.668486
22554.705802,-1406.391290,-16876.695478,3907.087040
22554.706135,-3330.926739,-13545.768739,689.485948
22554.706468,666.185348,-10584.944971,5286.058936
22554.706801,1184.329507,-5255.462188,5439.278036
22554.707133,2368.659014,-3627.009116,-2911.162892
22554.707466,148.041188,-3775.050304,-4060.306139
22554.707799,-1480.411884,-13175.665768,-306.438199
22554.708132,1110.308913,-10955.047942,4213.525239
22554.708465,-3552.988522,-4811.338623,-4213.525239
22554.708798,1110.308913,-5329.482782,-9882.631924
22554.709131,814.226536,-7105.977043,-6205.373534
22554.709464,-4145.153275,-16654.633695,1225.752797
22554.709797,-74.020594,-21317.931130,5439.278036
22554.710129,-1110.308913,-5403.503377,2528.115143
22554.710462,1110.308913,-1850.514855,0.000000
22554.710795,3997.112087,-3627.009116,995.924147
22554.711128,3552.988522,-13397.727550,5515.887586
22554.711461,1480.411884,-9992.780217,4826.401637
22554.711794,-2442.679609,-5107.421000,-4903.011187
22554.712127,-2220.617826,-9548.656652,-3677.258390
22554.712460,1406.391290,-11843.295072,2374.896044
22554.712793,1480.411884,-1258.350101,0.000000
22554.713125,-3330.926739,-3627.009116,-11108.384721
22554.713458,-3108.864956,-9696.697840,-11644.651570
22554.713791,888.247130,-18875.251521,2911.162892
22554.714124,-74.020594,-17172.777854,7890.783629
22554.714457,4071.132681,-14211.954086,8503.660028
22554.714790,-1998.556043,-3627.009116,-1838.629195
22554.715123,1480.411884,-5329.482782,-2528.115143
22554.715456,5847.626942,-18949.272115,3600.648841
22554.715789,2294.638420,-10288.862594,4213.525239
22554.716121,-2294.638420,-592.164754,-3600.648841
22554.716454,-2738.761985,-4071.132681,-5439.278036
22554.716787,-3330.926739,-16580.613101,1302.362347
22554.717120,-1554.432478,-8956.491898,612.876398
22554.717453,3182.885551,-3849.070898,-689.485948
22554.717786,0.000000,-6291.750507,1838.629195
22554.718119,1776.494261,-9474.636058,4826.401637
22554.718452,1702.473667,-13915.871710,6358.592633
22554.718785,1702.473667,-18357.107362,7277.907231
22554.719118,1850.514855,-10362.883188,4596.572988
22554.719450,1924.535449,-10807.006753,1915.238745
22554.719783,1258.350101,1332.370696,-2145.067394
22554.720116,2146.597232,-1776.494261,-4213.525239
22554.720449,-1776.494261,-9844.739029,2757.943793
22554.720782,-3923.091493,-13027.624579,-1302.362347
22554.721115,-3627.009116,-14211.954086,-1608.800546
22554.721448,-4737.318029,-4219.173869,-1838.629195
22554.721781,1776.494261,-4441.235652,-76.609550
22554.722114,3034.844362,-8660.409521,4443.353888
22554.722446,5403.503377,-6513.812290,2451.505594
22554.722779,2812.782580,-18579.169144,7048.078582
22554.723112,2072.576638,-11325.150913,919.314598
22554.723445,0.000000,-14878.139434,306.438199
22554.723778,222.061783,-10510.924376,1225.752797
22554.724111,4145.153275,1110.308913,-1225.752797
22554.724444,444.123565,-5995.668130,1838.629195
22554.724777,-3256.906145,-8586.388927,0.000000
22554.725110,-5107.421000,-9474.636058,-2221.676944
22554.725442,-4589.276840,-5995.668130,0.000000
22554.725775,-1406.391290,-9474.636058,-1532.190996
22554.726108,-1258.350101,-16580.613101,3294.210641
22554.726441,2368.659014,-7994.224174,3600.648841
22554.726774,7031.956449,-4441.235652,3524.039291
22554.727107,6069.688724,-7624.121203,1608.800546
22554.727440,5033.400406,-11917.315666,-1072.533697
22554.727773,2294.638420,-14211.954086,-76.609550
22554.728106,-5921.647536,-11917.315666,-4903.011187
22554.728439,-3923.091493,-15248.242405,-2528.115143
22554.728771,-2738.761985,-1258.350101,-7354.516781
22554.729104,0.000000,-7179.997637,1225.752797
22554.729437,-74.020594,-7698.141797,2374.896044
22554.729770,-4071.132681,-7920.203579,-1455.581446
22554.730103,1184.329507,-14137.933492,3983.696590
22554.730436,3701.029710,-6439.791695,5592.497135
22554.730769,2442.679609,-7328.038826,1608.800546
22554.731102,4737.318029,-12509.480420,6052.154434
22554.731435,4663.297435,-8216.285956,2374.896044
22554.731767,0.000000,-7772.162391,612.876398
22554.732100,-74.020594,-13027.624579,2374.896044
22554.732433,-1554.432478,-2738.761985,-7354.516781
22554.732766,-3775.050304,-4663.297435,-9193.145976
22554.733099,-4441.235652,-8660.409521,-4519.963438
22554.733432,-4811.338623,-18357.107362,-4213.525239
22554.733765,-2368.659014,-7920.203579,1225.752797
22554.734098,4663.297435,-11843.295072,4519.963438
22554.734431,2294.638420,-8512.368333,3983.696590
22554.734763,4145.153275,-4367.215058,0.000000
22554.735096,8216.285956,-9474.636058,-76.609550
22554.735429,-1184.329507,-5995.668130,-1838.629195
22554.735762,-1406.391290,-11103.089130,-7354.516781
22554.736095,-1924.535449,-9770.718434,-3524.039291
22554.736428,-2738.761985,-9918.759623,-4290.134789
22554.736761,-1036.288319,-13397.727550,-2451.505594
22554.737094,-1110.308913,-12139.377449,153.219100
22554.737427,1628.453072,-8290.306550,1915.238745
22554.737759,1998.556043,-7920.203579,2757.943793
22554.738092,3478.967927,-13027.624579,5745.716235
22554.738425,4959.379811,-5551.544565,3064.381992
22554.738758,1184.329507,-1406.391290,2987.772442
22554.739091,2886.803174,-11843.295072,1149.143247
22554.739424,-2220.617826,-9548.656652,612.876398
22554.739757,-1258.350101,-2960.823768,-76.609550
22554.740090,-6069.688724,-8068.244768,-4903.011187
22554.740423,-3034.844362,-12435.459826,-4749.792088
22554.740756,-5403.503377,-16506.592507,-5898.935335
22554.741088,-3552.988522,-13101.645173,-1838.629195
22554.741421,4663.297435,-9178.553681,2451.505594
22554.741754,5625.565159,-4737.318029,7277.907231
22554.742087,4071.132681,-74.020594,1991.848295
22554.742420,1554.432478,-8660.409521,1378.971896
22554.742753,0.000000,-14285.974681,1838.629195
22554.743086,2220.617826,-11991.336260,4366.744339
22554.743419,1776.494261,-8364.327145,2451.505594
22554.743752,-1332.370696,-9104.533087,3677.258390
22554.744084,1110.308913,-11843.295072,6971.469032
22554.744417,-2368.659014,-74.020594,2451.505594
22554.744750,-74.020594,-2368.659014,-6818.249932
22554.745083,-74.020594,-7994.224174,-5209.449386
22554.745416,0.000000,-10288.862594,2451.505594
22554.745749,-2442.679609,-18357.107362,4826.401637
22554.746082,0.000000,-7105.977043,4826.401637
22554.746415,-1776.494261,-12805.562797,-459.657299
22554.746748,5477.523971,-10066.800811,3140.991542
22554.747080,6439.791695,-13471.748144,6665.030833
22554.747413,4737.318029,-4219.173869,3907.087040
22554.747746,-4071.132681,2294.638420,-4903.011187
22554.748079,-4737.318029,-4811.338623,-3677.258390
22554.748412,-666.185348,-13027.624579,-383.047749
22554.748745,-2442.679609,-16358.551318,0.000000
22554.749078,-1850.514855,-10584.944971,-2681.334243
22554.749411,-3404.947333,-11325.150913,-3064.381992
22554.749744,5033.400406,-12361.439231,10342.289223
22554.750077,5847.626942,148.041188,11644.651570
22554.750409,1110.308913,-4737.318029,2987.772442
22554.750742,592.164754,-9548.656652,4290.134789
22554.751075,1554.432478,-14211.954086,4213.525239
22554.751408,2294.638420,-7698.141797,536.266849
22554.751741,-2368.659014,-4811.338623,0.000000
22554.752074,-3034.844362,-13915.871710,-2834.553343
22554.752407,-888.247130,-3330.926739,-5592.497135
22554.752740,-2368.659014,-11769.274478,-5822.325785
22554.753073,0.000000,-15692.365970,-995.924147
22554.753405,-74.020594,-8586.388927,-2987.772442
22554.753738,3256.906145,-8142.265362,4136.915689
22554.754071,-962.267725,-2368.659014,1915.238745
22554.754404,0.000000,-14211.954086,1685.410096
22554.754737,3552.988522,-15470.304188,6128.763984
22554.755070,4071.132681,-9178.553681,536.266849
22554.755403,0.000000,-10732.986159,919.314598
22554.755736,0.000000,-4219.173869,4826.401637
22554.756069,-962.267725,-2294.638420,-1915.238745
22554.756401,0.000000,-74.020594,-5822.325785
22554.756734,962.267725,-11103.089130,-5592.497135
22554.757067,-3923.091493,-21539.992912,-2221.676944
22554.757400,-1628.453072,-12657.521608,-612.876398
22554.757733,1998.556043,-9474.636058,2987.772442
22554.758066,2294.638420,-2072.576638,-2068.457845
22554.758399,2368.659014,-2442.679609,-306.438199
22554.758732,4737.318029,-21317.931130,7890.783629
22554.759065,2886.803174,-12435.459826,5056.230287
22554.759397,-1776.494261,-10881.027347,3600.648841
22554.759730,1702.473667,-2664.741391,-3447.429741
22554.760063,-296.082377,-1184.329507,-3140.991542
22554.760396,-2072.576638,-9178.553681,-3983.696590
22554.760729,-3256.906145,-8290.306550,-8810.098227
22554.761062,-74.020594,-12731.542202,-9269.755526
22554.761395,0.000000,-12509.480420,4519.963438
22554.761728,1776.494261,-14211.954086,9729.412825
22554.762061,1998.556043,-5329.482782,2834.553343
22554.762394,888.247130,2960.823768,-3140.991542
22554.762726,3552.988522,-10732.986159,-766.095498
22554.763059,4071.132681,-18431.127956,4903.011187
22554.763392,2590.720797,-18949.272115,5898.935335
22554.763725,-1184.329507,-8068.244768,5286.058936
22554.764058,-6217.729913,5255.462188,-9806.022374
22554.764391,0.000000,-7846.182985,-7431.126331
22554.764724,4071.132681,-11547.212695,-1915.238745
22554.765057,148.041188,-14285.974681,0.000000
22554.765390,-4737.318029,-9844.739029,-3370.820191
22554.765722,-1258.350101,-5625.565159,-7124.688131
22554.766055,1110.308913,-11991.336260,2451.505594
22554.766388,2072.576638,-11399.171507,4903.011187
22554.766721,2294.638420,-14211.954086,3600.648841
22554.767054,1184.329507,-9548.656652,4673.182538
22554.767387,1998.556043,-1480.411884,0.000000
22554.767720,3478.967927,-10140.821405,5515.887586
22554.768053,2294.638420,-14211.954086,8197.221829
22554.768386,-2072.576638,-7476.080014,0.000000
22554.768718,-3552.988522,0.000000,-6052.154434
22554.769051,-370.102971,-6513.812290,-5439.278036
22554.769384,0.000000,-19319.375086,3370.820191
22554.769717,2294.638420,-8882.471304,5439.278036
22554.770050,-1184.329507,-3849.070898,-2298.286494
22554.770383,-296.082377,-8882.471304,-1915.238745
22554.770716,3775.050304,-9178.553681,2987.772442
22554.771049,3034.844362,-12953.603985,5822.325785
22554.771382,4071.132681,-16284.530724,9422.974625
22554.771715,-3552.988522,-8364.327145,0.000000
22554.772047,1702.473667,0.000000,-689.485948
22554.772380,296.082377,-1258.350101,-919.314598
22554.772713,0.000000,-9548.656652,-1838.629195
22554.773046,-3330.926739,-11547.212695,-5592.497135
22554.773379,-2886.803174,-14211.954086,-5286.058936
22554.773712,-1036.288319,-13693.809927,2681.334243
22554.774045,1850.514855,-16062.468941,12563.966167
22554.774378,2368.659014,-2442.679609,4903.011187
22554.774711,4441.235652,592.164754,2987.772442
22554.775043,4663.297435,-4737.318029,-2834.553343
22554.775376,0.000000,-14582.057057,1225.752797
22554.775709,2294.638420,-17616.901420,7277.907231
22554.776042,-3330.926739,-7920.203579,2451.505594
22554.776375,-1850.514855,-9178.553681,1149.143247
22554.776708,-3034.844362,-3627.009116,-6894.859482
22554.777041,1850.514855,-1554.432478,-8733.488677
22554.777374,740.205942,-10140.821405,-3064.381992
22554.777707,2590.720797,-16580.613101,-76.609550
22554.778039,0.000000,-8956.491898,-2451.505594
22554.778372,-3108.864956,-4811.338623,0.000000
22554.778705,518.144159,-15692.365970,3294.210641
22554.779038,0.000000,-19615.457463,7354.516781
22554.779371,1776.494261,-7402.059420,2681.334243
22554.779704,2960.823768,1036.288319,-459.657299
22554.780037,4367.215058,-5477.523971,2451.505594
22554.780370,1110.308913,-12731.542202,2374.896044
22554.780703,-1258.350101,-10658.965565,229.828649
22554.781035,-7105.977043,-5403.503377,-4443.353888
22554.781368,-1258.350101,-8142.265362,-4979.620737
22554.781701,-74.020594,-8734.430116,-4903.011187
22554.782034,592.164754,-13249.686362,2987.772442
22554.782367,6143.709319,-10066.800811,4596.572988
22554.782700,-1258.350101,-10732.986159,1072.533697
22554.783033,2220.617826,-6143.709319,-689.485948
22554.783366,3478.967927,-7105.977043,2068.457845
22554.783699,4663.297435,-8956.491898,3983.696590
22554.784032,-74.020594,-8734.430116,-689.485948
22554.784364,-4811.338623,-10510.924376,-4826.401637
22554.784697,-4737.318029,-14285.974681,-6128.763984
22554.785030,0.000000,-7179.997637,-459.657299
22554.785363,3775.050304,-2368.659014,-4519.963438
22554.785696,0.000000,-6735.874072,-3907.087040
22554.786029,-2368.659014,-7179.997637,-1225.752797
22554.786362,-2368.659014,-17394.839637,1532.190996
22554.786695,1776.494261,-16062.468941,9346.365076
22554.787028,1998.556043,-5181.441594,3600.648841
22554.787360,2368.659014,-1554.432478,-1225.752797
22554.787693,2294.638420,-6513.812290,-2834.553343
22554.788026,-3182.885551,-15174.221811,2374.896044
22554.788359,4071.132681,-6513.812290,-76.609550
22554.788692,-2368.659014,-9844.739029,2451.505594
22554.789025,888.247130,-10436.903782,-689.485948
22554.789358,962.267725,-9474.636058,-766.095498
22554.789691,-1184.329507,-11843.295072,2068.457845
22554.790024,666.185348,-4811.338623,-612.876398
22554.790356,-444.123565,-12805.562797,1532.190996
22554.790689,2886.803174,-9918.759623,1149.143247
22554.791022,2368.659014,-4219.173869,3600.648841
22554.791355,0.000000,-9548.656652,0.000000
22554.791688,0.000000,-10436.903782,4519.963438
22554.792021,-370.102971,-11251.130318,1149.143247
22554.792354,518.144159,-5625.565159,0.000000
22554.792687,-1554.432478,-10066.800811,1762.019645
22554.793020,888.247130,-9696.697840,6205.373534
22554.793353,-2738.761985,-3552.988522,-306.438199
22554.793685,-1258.350101,-5255.462188,-5745.716235
22554.794018,3478.967927,-5921.647536,-4366.744339
22554.794351,2368.659014,-14878.139434,3294.210641
22554.794684,4737.318029,-15026.180623,8503.660028
22554.795017,-74.020594,-10658.965565,766.095498
22554.795350,592.164754,-10732.986159,3677.258390
22554.795683,2294.638420,-7179.997637,612.876398
22554.796016,2368.659014,-8808.450710,1302.362347
22554.796349,-1628.453072,-6143.709319,-3370.820191
22554.796681,-4145.153275,-7772.162391,-5975.544884
22554.797014,740.205942,-9992.780217,0.000000
22554.797347,-1184.329507,-11843.295072,6052.154434
22554.797680,-1258.350101,-9548.656652,-1225.752797
22554.798013,-666.185348,-3627.009116,-3064.381992
22554.798346,0.000000,-7772.162391,-1532.190996
22554.798679,4071.132681,-12065.356855,1838.629195
22554.799012,2294.638420,-13619.789333,9806.022374
22554.799345,-518.144159,-9696.697840,6128.763984
22554.799677,-1998.556043,-3923.091493,1685.410096
22554.800010,-1258.350101,-6365.771101,-3524.039291
22554.800343,2368.659014,-10362.883188,1072.533697
22554.800676,1628.453072,-9918.759623,3600.648841
22554.801009,-2664.741391,-9696.697840,0.000000
22554.801342,-2442.679609,-4737.318029,-1302.362347
22554.801675,-1258.350101,-5181.441594,-3677.258390
22554.802008,2368.659014,-8364.327145,1225.752797
22554.802341,2738.761985,-17172.777854,3294.210641
22554.802673,1110.308913,-11251.130318,-766.095498
22554.803006,-1184.329507,-6587.832884,1378.971896
22554.803339,1850.514855,-10658.965565,1532.190996
22554.803672,4663.297435,-9474.636058,5132.839837
22554.804005,666.185348,-7772.162391,612.876398
22554.804338,222.061783,-9178.553681,-4519.963438
22554.804671,-2442.679609,-5403.503377,-5822.325785
22554.805004,-1184.329507,-17764.942608,4213.525239
22554.805337,2294.638420,-11251.130318,9729.412825
22554.805670,-4811.338623,-5403.503377,2604.724693
22554.806002,1110.308913,-2368.659014,-76.609550
22554.806335,1628.453072,-2146.597232,-306.438199
22554.806668,2368.659014,-10214.842000,153.219100
22554.807001,3108.864956,-15396.283594,4826.401637
22554.807334,1184.329507,-14285.974681,8580.269578
22554.807667,2886.803174,-2738.761985,3064.381992
22554.808000,-74.020594,-2960.823768,-6511.811733
22554.808333,740.205942,-10955.047942,-7431.126331
22554.808666,-2960.823768,-11917.315666,-3677.258390
22554.808999,962.267725,-14211.954086,-1532.190996
22554.809332,-3627.009116,-7105.977043,-7431.126331
22554.809665,-5255.462188,-11473.192101,-2451.505594
22554.809998,2220.617826,-6217.729913,1149.143247
22554.810331,0.000000,-7846.182985,1838.629195
22554.810664,1480.411884,-11399.171507,-76.609550
22554.810997,-1776.494261,-11917.315666,3064.381992
22554.811330,0.000000,-4219.173869,6971.469032
22554.811663,5847.626942,-5921.647536,4673.182538
22554.811996,3182.885551,-3404.947333,-76.609550
22554.812329,2146.597232,-5329.482782,-5056.230287
22554.812662,-3256.906145,-12731.542202,-3753.867940
22554.812995,-4219.173869,-11917.315666,-8733.488677
22554.813327,-2812.782580,-14878.139434,0.000000
22554.813660,-74.020594,-9474.636058,-2528.115143
22554.813993,592.164754,-12213.398043,4136.915689
22554.814326,1998.556043,-13619.789333,5745.716235
22554.814659,1110.308913,-3849.070898,-3370.820191
22554.814992,3627.009116,-4737.318029,76.609550
22554.815325,3034.844362,-6439.791695,1838.629195
22554.815658,296.082377,-13545.768739,1838.629195
22554.815991,-1258.350101,-10955.047942,995.924147
22554.816324,-3256.906145,-7476.080014,-6052.154434
22554.816657,1702.473667,-8734.430116,-4596.572988
22554.816990,-814.226536,-9474.636058,-689.485948
22554.817323,-2368.659014,-9548.656652,-1532.190996
22554.817656,-3034.844362,-7402.059420,-1455.581446
22554.817989,-1776.494261,-10140.821405,0.000000
22554.818322,4071.132681,-18801.230927,8503.660028
22554.818655,3478.967927,-7179.997637,7354.516781
22554.818988,4737.318029,-4071.132681,4826.401637
22554.819321,4663.297435,-4737.318029,2374.896044
22554.819654,2664.741391,-6291.750507,612.876398
22554.819987,148.041188,-12731.542202,1838.629195
22554.820319,-2812.782580,-8364.327145,-3600.648841
22554.820652,-1776.494261,-6883.915261,-6435.202183
22554.820985,-1850.514855,-8290.306550,-4060.306139
22554.821318,-370.102971,-9474.636058,-4290.134789
22554.821651,-2960.823768,-11917.315666,0.000000
22554.821984,0.000000,-10140.821405,4826.401637
22554.822317,1110.308913,-14211.954086,4673.182538
22554.822650,2664.741391,-6365.771101,2068.457845
22554.822983,2886.803174,-11917.315666,919.314598
22554.823316,1924.535449,-13989.892304,5439.278036
22554.823649,0.000000,-7994.224174,1915.238745
22554.823982,-370.102971,-10658.965565,5439.278036
22554.824315,1110.308913,1554.432478,0.000000
22554.824648,2738.761985,-5329.482782,2987.772442
22554.824981,1998.556043,-5921.647536,-76.609550
22554.825314,-2294.638420,-4811.338623,-5515.887586
22554.825647,-3627.009116,-12731.542202,-2221.676944
22554.825980,-6513.812290,-11473.192101,-2757.943793
22554.826313,-592.164754,-11325.150913,1378.971896
22554.826646,2368.659014,-9548.656652,1225.752797
22554.826979,3552.988522,-8956.491898,0.000000
22554.827311,2960.823768,-16358.551318,4290.134789
22554.827644,5847.626942,-15396.283594,4826.401637
22554.827977,0.000000,-10140.821405,6435.202183
22554.828310,0.000000,-1406.391290,2987.772442
22554.828643,-1258.350101,-8290.306550,-2834.553343
22554.828976,-2960.823768,-9178.553681,-995.924147
22554.829309,-2960.823768,-3701.029710,-4903.011187
22554.829642,-1998.556043,-10288.862594,-1455.581446
22554.829975,1480.411884,-10140.821405,7354.516781
22554.830308,3849.070898,-5921.647536,7124.688131
22554.830641,740.205942,-6291.750507,3140.991542
22554.830974,2146.597232,-8882.471304,-842.705048
22554.831307,4071.132681,-15396.283594,-689.485948
22554.831640,2812.782580,-14211.954086,5439.278036
22554.831973,0.000000,-10732.986159,3677.258390
22554.832306,-666.185348,-5625.565159,-76.609550
22554.832639,-2442.679609,-3182.885551,-6128.763984
22554.832972,-74.020594,-8290.306550,-4060.306139
22554.833305,-814.226536,-17172.777854,842.705048
22554.833638,-888.247130,-10214.842000,842.705048
22554.833971,-3256.906145,-8882.471304,-1685.410096
22554.834304,2886.803174,-444.123565,-1762.019645
22554.834636,3478.967927,-6957.935855,2681.334243
22554.834969,1184.329507,-11325.150913,4290.134789
22554.835302,7624.121203,-13619.789333,4519.963438
22554.835635,-1258.350101,-14211.954086,1149.143247
22554.835968,0.000000,-5403.503377,-1532.190996
22554.836301,-666.185348,-12509.480420,1532.190996
22554.836634,2590.720797,-10066.800811,6971.469032
22554.836967,-1998.556043,-4219.173869,842.705048
22554.837300,-3552.988522,-3330.926739,-5515.887586
22554.837633,-1702.473667,-2368.659014,-8656.879127
22554.837966,-1258.350101,-13619.789333,-3753.867940
22554.838299,1998.556043,-11843.295072,-536.266849
22554.838632,-3256.906145,-12509.480420,0.000000
22554.838965,3256.906145,-13471.748144,4443.353888
22554.839298,3256.906145,-6587.832884,1225.752797
22554.839631,4737.318029,-7328.038826,919.314598
22554.839964,4071.132681,-9474.636058,229.828649
22554.840297,0.000000,-13397.727550,0.000000
22554.840630,-6513.812290,-8956.491898,-3677.258390
22554.840963,-2738.761985,-7105.977043,-8044.002729
22554.841296,74.020594,-7105.977043,-4979.620737
22554.841628,-1924.535449,-9548.656652,-2451.505594
22554.841961,1702.473667,-11843.295072,-1608.800546
22554.842294,-1480.411884,-17764.942608,5898.935335
22554.842627,1776.494261,-9622.677246,10035.851024
22554.842960,3182.885551,-2368.659014,8120.612279
22554.843293,4737.318029,-3552.988522,5898.935335
22554.843626,4663.297435,-2368.659014,-76.609550
22554.843959,-3627.009116,-11473.192101,-6128.763984
22554.844292,1480.411884,-11843.295072,-1302.362347
22554.844625,-666.185348,-14211.954086,-76.609550
22554.844958,518.144159,-5255.462188,-1838.629195
22554.845291,592.164754,-6513.812290,-4979.620737
22554.845624,-2664.741391,-11473.192101,-7660.954980
22554.845957,1332.370696,-12139.377449,-4366.744339
22554.846290,1850.514855,-15988.448347,2374.896044
22554.846623,2886.803174,-13841.851115,6052.154434
22554.846956,-592.164754,-8808.450710,3677.258390
22554.847289,-296.082377,-7402.059420,4519.963438
22554.847622,740.205942,-2664.741391,1149.143247
22554.847955,1184.329507,-3627.009116,1838.629195
22554.848288,888.247130,-8512.368333,1072.533697
22554.848620,-1554.432478,-12361.439231,153.219100
22554.848953,-3552.988522,-7476.080014,1225.752797
22554.849286,-2368.659014,-9178.553681,2374.896044
22554.849619,-962.267725,-3997.112087,-995.924147
22554.849952,0.000000,-4959.379811,-3983.696590
22554.850285,-1258.350101,-11769.274478,-1991.848295
22554.850618,1998.556043,-11547.212695,1149.143247
22554.850951,2664.741391,-14508.036463,7354.516781
22554.851284,1776.494261,-10436.903782,7814.174080
22554.851617,1110.308913,-6587.832884,-1838.629195
22554.851950,592.164754,-9548.656652,1225.752797
22554.852283,3404.947333,-9474.636058,3600.648841
22554.852616,1184.329507,-14434.015869,4903.011187
22554.852949,-1406.391290,-4737.318029,-76.609550
22554.853282,-3034.844362,-740.205942,-7048.078582
22554.853615,-2960.823768,-9104.533087,-2451.505594
22554.853948,-2738.761985,-10436.903782,-1915.238745
22554.854281,-2368.659014,-11843.295072,-689.485948
22554.854614,-74.020594,-10140.821405,-1838.629195
22554.854947,3552.988522,-13693.809927,9806.022374
22554.855280,5033.400406,-8956.491898,12257.527968
22554.855612,7031.956449,0.000000,6665.030833
22554.855945,1184.329507,-2738.761985,-1838.629195
22554.856278,-2442.679609,-3923.091493,-9806.022374
22554.856611,-4441.235652,-17542.880825,-3753.867940
22554.856944,-4737.318029,-17838.963202,1225.752797
22554.857277,4663.297435,-5921.647536,1149.143247
22554.857610,0.000000,-7031.956449,-2451.505594
22554.857943,1480.411884,-9474.636058,-689.485948
22554.858276,-74.020594,-7772.162391,-1685.410096
22554.858609,0.000000,-7179.997637,153.219100
22554.858942,1258.350101,-10881.027347,2987.772442
22554.859275,-518.144159,-11917.315666,2451.505594
22554.859608,962.267725,-12509.480420,4519.963438
22554.859941,4071.132681,-9474.636058,6052.154434
22554.860274,-888.247130,-2442.679609,0.000000
22554.860607,1702.473667,-7994.224174,-4979.620737
22554.860940,-962.267725,-12509.480420,-1149.143247
22554.861273,-2368.659014,-13101.645173,4826.401637
22554.861606,-2072.576638,-3034.844362,-3447.429741
22554.861939,-1776.494261,-3330.926739,-4826.401637
22554.862272,592.164754,-4811.338623,-3064.381992
22554.862605,814.226536,-8216.285956,-383.047749
22554.862937,1702.473667,-22206.178260,7277.907231
22554.863270,-888.247130,-13397.727550,4903.011187
22554.863603,1554.432478,-10362.883188,612.876398
22554.863936,6143.709319,-5551.544565,3217.601092
22554.864269,1406.391290,-6661.853478,-1915.238745
22554.864602,1702.473667,-7105.977043,-3753.867940
22554.864935,-2960.823768,-8364.327145,-4903.011187
22554.865268,-4737.318029,-10732.986159,-919.314598
22554.865601,-74.020594,-13027.624579,-1608.800546
22554.865934,-2442.679609,-7550.100608,-1532.190996
22554.866267,-2072.576638,-9844.739029,-2681.334243
22554.866600,740.205942,-3923.091493,-612.876398
22554.866933,740.205942,-9844.739029,76.609550
22554.867266,2738.761985,-16358.551318,7354.516781
22554.867599,4071.132681,-13619.789333,12180.918418
22554.867932,0.000000,-74.020594,1225.752797
22554.868265,4367.215058,2368.659014,-3753.867940
22554.868598,4071.132681,-8142.265362,-6205.373534
22554.868931,0.000000,-17838.963202,1532.190996
22554.869264,-666.185348,-13323.706956,-3447.429741
22554.869597,-2368.659014,-12361.439231,-2528.115143
22554.869929,-1184.329507,-7402.059420,-4443.353888
22554.870262,2812.782580,-5921.647536,-1838.629195
22554.870595,0.000000,-8660.409521,-4290.134789
22554.870928,-4737.318029,-7179.997637,-2451.505594
22554.871261,-962.267725,-14804.118840,-76.609550
22554.871594,3330.926739,-13027.624579,4826.401637
22554.871927,2368.659014,-7179.997637,10265.679673
22554.872260,-370.102971,-4219.173869,0.000000
22554.872593,-370.102971,-7105.977043,-1455.581446
22554.872926,-2220.617826,-8956.491898,-2528.115143
22554.873259,592.164754,-9178.553681,306.438199
22554.873592,2294.638420,-11843.295072,4826.401637
22554.873925,0.000000,-5921.647536,-76.609550
22554.874258,-1850.514855,-7105.977043,-3217.601092
22554.874591,0.000000,-12213.398043,766.095498
22554.874924,2368.659014,-11029.068536,1762.019645
22554.875257,2960.823768,-11621.233289,4366.744339
22554.875590,4515.256246,-14211.954086,8656.879127
22554.875923,1184.329507,-14359.995275,11414.822920
22554.876256,370.102971,-4737.318029,3217.601092
22554.876589,-2072.576638,-148.041188,-3600.648841
22554.876921,-74.020594,-3108.864956,-7967.393179
22554.877254,0.000000,-9844.739029,-76.609550
22554.877587,-74.020594,-13027.624579,-76.609550
22554.877920,-4737.318029,-8364.327145,1378.971896
22554.878253,-1258.350101,-7698.141797,-3753.867940
22554.878586,1554.432478,-9104.533087,-1072.533697
22554.878919,1184.329507,-16210.510130,5132.839837
22554.879252,3330.926739,-9918.759623,5745.716235
22554.879585,592.164754,-7179.997637,3064.381992
22554.879918,814.226536,-7772.162391,3830.477490
22554.880251,4071.132681,-9918.759623,7277.907231
22554.880584,2220.617826,-10881.027347,7277.907231
22554.880917,592.164754,-4737.318029,689.485948
22554.881250,-2368.659014,-2442.679609,-5898.935335
22554.881583,1110.308913,-9474.636058,-76.609550
22554.881916,-2960.823768,-9548.656652,0.000000
22554.882249,-740.205942,-13619.789333,2374.896044
22554.882582,-666.185348,-1924.535449,-5209.449386
22554.882915,0.000000,-9548.656652,-5669.106685
22554.883248,3775.050304,-11399.171507,2145.067394
22554.883581,1850.514855,-7698.141797,0.000000
22554.883913,-814.226536,-15988.448347,3600.648841
22554.884246,3552.988522,-8808.450710,2451.505594
22554.884579,-1850.514855,-15470.304188,306.438199
22554.884912,0.000000,-7772.162391,1838.629195
22554.885245,1110.308913,-9474.636058,-76.609550
22554.885578,-2442.679609,-2738.761985,-3677.258390
22554.885911,-2072.576638,-74.020594,-919.314598
22554.886244,-4219.173869,-10140.821405,-995.924147
22554.886577,1184.329507,-6735.874072,0.000000
22554.886910,1184.329507,-12509.480420,1685.410096
22554.887243,4367.215058,-13619.789333,2068.457845
22554.887576,592.164754,-5995.668130,6128.763984
22554.887909,2886.803174,-9918.759623,5439.278036
22554.888242,7031.956449,-7698.141797,3600.648841
22554.888575,-2368.659014,-8364.327145,-4903.011187
22554.888908,-74.020594,-14804.118840,-7737.564530
22554.889241,-4293.194464,-16950.716072,-1225.752797
22554.889574,-3627.009116,-8586.388927,-3217.601092
22554.889907,-1184.329507,370.102971,-2298.286494
22554.890240,0.000000,-666.185348,-4903.011187
22554.890573,1184.329507,-7179.997637,3064.381992
22554.890905,-74.020594,-15988.448347,1149.143247
22554.891238,370.102971,-13101.645173,-3370.820191
22554.891571,1184.329507,-3627.009116,0.000000
22554.891904,2294.638420,-7698.141797,0.000000
22554.892237,6513.812290,-9400.615463,4443.353888
22554.892570,-1184.329507,-14137.933492,1991.848295
22554.892903,-2368.659014,-10140.821405,-4979.620737
22554.893236,-1776.494261,-7179.997637,-6358.592633
22554.893569,-592.164754,-13397.727550,459.657299
22554.893902,0.000000,-7328.038826,2451.505594
22554.894235,-1332.370696,-8068.244768,3294.210641
22554.894568,1702.473667,-4737.318029,-1302.362347
22554.894901,2294.638420,-8734.430116,-1302.362347
22554.895234,1776.494261,-11917.315666,4903.011187
22554.895567,4589.276840,-11843.295072,5439.278036
22554.895900,-666.185348,-5921.647536,-3294.210641
22554.896233,-1184.329507,-10140.821405,-3677.258390
22554.896566,1110.308913,-13471.748144,-995.924147
22554.896899,1554.432478,-13397.727550,3064.381992
22554.897232,-148.041188,-4219.173869,-153.219100
22554.897565,-3627.009116,-2220.617826,-7201.297681
22554.897898,-2072.576638,-11029.068536,-3064.381992
22554.898230,-3552.988522,-15470.304188,3600.648841
22554.898563,-1258.350101,-18875.251521,4443.353888
22554.898896,4145.153275,-3627.009116,8580.269578
22554.899229,-74.020594,-6513.812290,6052.154434
22554.899562,4737.318029,-2146.597232,7814.174080
22554.899895,2294.638420,-8882.471304,6435.202183
22554.900228,444.123565,-4515.256246,2298.286494
22554.900561,1776.494261,-4811.338623,-2451.505594
22554.900894,-1850.514855,-15988.448347,-4519.963438
22554.901227,592.164754,-8068.244768,1608.800546
22554.901560,-2442.679609,-7550.100608,-4673.182538
22554.901893,0.000000,-4811.338623,-5132.839837
22554.902226,-3552.988522,-12213.398043,-2757.943793
22554.902559,-296.082377,-18135.045579,3524.039291
22554.902892,3256.906145,-15100.201217,9959.241474
22554.903225,814.226536,-5921.647536,4903.011187
22554.903558,2886.803174,3552.988522,-1915.238745
22554.903891,296.082377,-6291.750507,3677.258390
22554.904224,1554.432478,-13101.645173,6435.202183
22554.904557,-2960.823768,-9548.656652,4290.134789
22554.904890,-74.020594,-14211.954086,3600.648841
22554.905222,-74.020594,-1184.329507,-5592.497135
22554.905555,814.226536,-3997.112087,-2834.553343
22554.905888,-2442.679609,-14359.995275,-1838.629195
22554.906221,-2442.679609,-9992.780217,-2834.553343
22554.906554,-2294.638420,-10955.047942,-76.609550
22554.906887,4071.132681,-11843.295072,3600.648841
22554.907220,0.000000,-10140.821405,7967.393179
22554.907553,1110.308913,-11843.295072,6052.154434
22554.907886,2886.803174,-7105.977043,3907.087040
22554.908219,0.000000,-5255.462188,306.438199
22554.908551,4663.297435,-5921.647536,2528.115143
22554.908884,1036.288319,-12435.459826,4596.572988
22554.909217,-1850.514855,-8808.450710,-1608.800546
22554.909550,-3627.009116,-1184.329507,-10878.556072
22554.909883,-74.020594,-7994.224174,-8810.098227
22554.910216,370.102971,-11473.192101,-2221.676944
22554.910549,0.000000,-10584.944971,-2451.505594
22554.910882,-148.041188,-17542.880825,3447.429741
22554.911214,1776.494261,-9844.739029,3677.258390
22554.911547,3478.967927,-9474.636058,3217.601092
22554.911880,4737.318029,-8364.327145,4903.011187
22554.912213,2664.741391,-7846.182985,6358.592633
22554.912546,-666.185348,-4737.318029,0.000000
22554.912879,-3182.885551,-6143.709319,-3370.820191
22554.913212,-4737.318029,-13101.645173,919.314598
22554.913545,-1776.494261,-6365.771101,-1838.629195
22554.913878,-3034.844362,-8586.388927,-3140.991542
22554.914210,1110.308913,-7105.977043,-1915.238745
22554.914543,2886.803174,-6365.771101,0.000000
22554.914876,4145.153275,-9474.636058,6052.154434
22554.915209,4663.297435,-9474.636058,-1302.362347
22554.915542,74.020594,-12509.480420,-3370.820191
22554.915875,3478.967927,-11177.109724,-689.485948
22554.916208,2664.741391,-14804.118840,1225.752797
22554.916541,3701.029710,-11251.130318,1762.019645
22554.916873,1406.391290,-9548.656652,-1608.800546
22554.917206,-2368.659014,-14285.974681,3677.258390
22554.917539,-2738.761985,-3034.844362,-3677.258390
22554.917872,-2442.679609,-9178.553681,-2528.115143
22554.918205,-1258.350101,-5921.647536,-2528.115143
22554.918538,-1554.432478,-3923.091493,612.876398
22554.918871,-1184.329507,-8068.244768,2145.067394
22554.919204,296.082377,-6439.791695,1455.581446
22554.919537,592.164754,-10881.027347,3064.381992
22554.919869,4219.173869,-5773.606348,536.266849
22554.920202,4663.297435,-11251.130318,-76.609550
22554.920535,592.164754,-13989.892304,-995.924147
22554.920868,-74.020594,-10658.965565,-4979.620737
22554.921201,-2960.823768,-14285.974681,-1225.752797
22554.921534,-74.020594,-8290.306550,-2528.115143
22554.921867,-2442.679609,-6217.729913,-7737.564530
22554.922200,-3627.009116,-13397.727550,-2987.772442
22554.922532,0.000000,-13619.789333,4903.011187
22554.922865,-296.082377,-4737.318029,4519.963438
22554.923198,296.082377,-2738.761985,3677.258390
22554.923531,6883.915261,-9474.636058,9729.412825
22554.923864,0.000000,-9548.656652,7354.516781
22554.924197,4071.132681,-9474.636058,7277.907231
22554.924530,2146.597232,-7328.038826,0.000000
22554.924863,2146.597232,-2960.823768,-1608.800546
22554.925195,814.226536,-5921.647536,-4903.011187
22554.925528,-3701.029710,-12657.521608,-6128.763984
22554.925861,-1184.329507,-9252.574275,-6128.763984
22554.926194,-4145.153275,-14285.974681,-4749.792088
22554.926527,2294.638420,-15100.201217,-76.609550
22554.926860,-1924.535449,-12361.439231,2145.067394
22554.927193,2294.638420,-6513.812290,4749.792088
22554.927526,2072.576638,-9326.594869,7048.078582
22554.927859,2368.659014,-5107.421000,5362.668486
22554.928191,2294.638420,-2220.617826,1762.019645
22554.928524,-666.185348,-5995.668130,-2451.505594
22554.928857,2072.576638,-11103.089130,1762.019645
22554.929190,-74.020594,-12435.459826,2757.943793
22554.929523,-1036.288319,-11917.315666,3064.381992
22554.929856,888.247130,0.000000,-3447.429741
22554.930189,-2516.700203,-9178.553681,-6281.983084
22554.930522,1998.556043,-11695.253884,-842.705048
22554.930854,-1776.494261,-13101.645173,1532.190996
22554.931187,2886.803174,-11843.295072,2374.896044
22554.931520,0.000000,-9548.656652,2451.505594
22554.931853,0.000000,-12805.562797,8503.660028
22554.932186,3182.885551,-5921.647536,7277.907231
22554.932519,2368.659014,-7179.997637,7354.516781
22554.932852,1332.370696,-5995.668130,3064.381992
22554.933185,-1554.432478,-5033.400406,-1685.410096
22554.933518,-2738.761985,-9178.553681,-689.485948
22554.933850,-1850.514855,-4737.318029,-3753.867940
22554.934183,-74.020594,-4145.153275,-9269.755526
22554.934516,0.000000,-13397.727550,-1608.800546
22554.934849,2368.659014,-16358.551318,5822.325785
22554.935182,-74.020594,-13915.871710,2068.457845
22554.935515,3182.885551,-7105.977043,-229.828649
22554.935848,4441.235652,-11029.068536,6128.763984
22554.936181,3478.967927,-8956.491898,6435.202183
22554.936513,2812.782580,-9474.636058,5362.668486
22554.936846,-4071.132681,-8808.450710,-1685.410096
22554.937179,-2368.659014,-3923.091493,-3677.258390
22554.937512,-74.020594,-12731.542202,4826.401637
22554.937845,-222.061783,-3034.844362,612.876398
22554.938178,-4737.318029,-2442.679609,-4903.011187
22554.938511,-666.185348,-8882.471304,-6205.373534
22554.938844,1924.535449,-11103.089130,-1225.752797
22554.939176,4367.215058,-12509.480420,5362.668486
22554.939509,4737.318029,-8734.430116,1915.238745
22554.939842,0.000000,-7179.997637,-3524.039291
22554.940175,-1110.308913,-9918.759623,-3983.696590
22554.940508,2368.659014,-13027.624579,-919.314598
22554.940841,4219.173869,-17468.860231,2987.772442
22554.941174,1036.288319,-7698.141797,-76.609550
22554.941507,-74.020594,-9474.636058,-1915.238745
22554.941840,-4737.318029,-11029.068536,3064.381992
22554.942172,-4145.153275,-6217.729913,2374.896044
22554.942505,-666.185348,-5329.482782,-1608.800546
22554.942838,0.000000,-6291.750507,-919.314598
22554.943171,2294.638420,-12731.542202,1915.238745
22554.943504,2072.576638,-8882.471304,7584.345430
22554.943837,1332.370696,-3330.926739,995.924147
22554.944170,3775.050304,-7254.018232,76.609550
22554.944503,2960.823768,-8068.244768,-1378.971896
22554.944835,0.000000,-15470.304188,612.876398
22554.945168,1702.473667,-12731.542202,-4749.792088
22554.945501,-1480.411884,-4737.318029,-10495.508323
22554.945834,-2812.782580,-11251.130318,-4366.744339
22554.946167,814.226536,-11103.089130,-3140.991542
22554.946500,-4145.153275,-15174.221811,-2451.505594
22554.946833,-1554.432478,-11843.295072,-306.438199
22554.947166,1406.391290,-3627.009116,1072.533697
22554.947499,814.226536,-5329.482782,5286.058936
22554.947831,3775.050304,-11843.295072,11568.042020
22554.948164,3478.967927,-6513.812290,4213.525239
22554.948497,0.000000,-4219.173869,-612.876398
22554.948830,4219.173869,-10066.800811,-995.924147
22554.949163,148.041188,-11399.171507,0.000000
22554.949496,-2220.617826,-6587.832884,-2451.505594
22554.949829,-3997.112087,-2442.679609,-9193.145976
22554.950162,-5847.626942,-11843.295072,-9882.631924
22554.950494,0.000000,-15470.304188,-2451.505594
22554.950827,-74.020594,-18949.272115,3294.210641
22554.951160,1184.329507,-7772.162391,3830.477490
22554.951493,2368.659014,-1850.514855,4443.353888
22554.951826,3478.967927,0.000000,1149.143247
22554.952159,4293.194464,-8808.450710,3140.991542
22554.952492,1258.350101,-16580.613101,3370.820191
22554.952825,-666.185348,-12435.459826,-3677.258390
22554.953158,-592.164754,-12583.501014,-2911.162892
22554.953490,4071.132681,-9474.636058,1762.019645
22554.953823,-74.020594,-1850.514855,-4903.011187
22554.954156,-2368.659014,-10881.027347,2374.896044
22554.954489,-1258.350101,-9474.636058,-2528.115143
22554.954822,-666.185348,-9400.615463,-3140.991542
22554.955155,1998.556043,-13915.871710,4826.401637
22554.955488,1480.411884,-9252.574275,6588.421283
22554.955821,-814.226536,-8956.491898,8503.660028
22554.956153,1406.391290,-4219.173869,5286.058936
22554.956486,2886.803174,-7550.100608,6665.030833
22554.956819,2960.823768,-5921.647536,2374.896044
22554.957152,0.000000,-9400.615463,-1685.410096
22554.957485,-1184.329507,-10807.006753,-1915.238745
22554.957818,-4145.153275,-4219.173869,-5822.325785
22554.958151,-3849.070898,-10881.027347,-2528.115143
22554.958484,-74.020594,-9326.594869,-3600.648841
22554.958816,-1184.329507,-13101.645173,0.000000
22554.959149,3775.050304,-14804.118840,7890.783629
22554.959482,1332.370696,-6439.791695,5132.839837
22554.959815,1628.453072,-11103.089130,8273.831378
22554.960148,5255.462188,-4737.318029,10725.336972
22554.960481,1628.453072,-962.267725,3217.601092
22554.960814,3552.988522,-11621.233289,5209.449386
22554.961147,1480.411884,-10732.986159,7277.907231
22554.961480,-5995.668130,-8364.327145,-5822.325785
22554.961812,814.226536,-6809.894666,-76.609550
22554.962145,-2664.741391,-7846.182985,-4366.744339
22554.962478,-2368.659014,-10732.986159,-2451.505594
22554.962811,-74.020594,-10288.862594,0.000000
22554.963144,-3404.947333,-14804.118840,229.828649
22554.963477,3256.906145,-7031.956449,4213.525239
22554.963810,3478.967927,-7105.977043,4213.525239
22554.964143,5625.565159,-11843.295072,7890.783629
22554.964475,740.205942,-7772.162391,2451.505594
22554.964808,2368.659014,-10066.800811,2374.896044
22554.965141,3182.885551,-9474.636058,1149.143247
22554.965474,518.144159,-4737.318029,-4060.306139
22554.965807,-1184.329507,-7179.997637,-4290.134789
22554.966140,-3330.926739,-10436.903782,-6128.763984
22554.966473,-3849.070898,-10066.800811,-8810.098227
22554.966806,-2960.823768,-16950.716072,306.438199
22554.967139,3478.967927,-10658.965565,4060.306139
22554.967471,1776.494261,-10140.821405,6128.763984
22554.967804,5107.421000,-7105.977043,3600.648841
22554.968137,370.102971,-3627.009116,-1838.629195
22554.968470,592.164754,-9548.656652,3677.258390
22554.968803,888.247130,-9252.574275,306.438199
22554.969136,-2146.597232,-14211.954086,1608.800546
22554.969469,-2146.597232,-5921.647536,-4979.620737
22554.969802,1110.308913,-8290.306550,-4979.620737
22554.970134,0.000000,-8364.327145,-4903.011187
22554.970467,518.144159,-8290.306550,-5592.497135
22554.970800,518.144159,-11843.295072,-4979.620737
22554.971133,-1702.473667,-7772.162391,-6128.763984
22554.971466,-2368.659014,-13101.645173,-2451.505594
22554.971799,3034.844362,-17764.942608,4136.915689
22554.972132,3108.864956,-11843.295072,6511.811733
22554.972465,3478.967927,-3330.926739,1072.533697
22554.972797,3478.967927,-10362.883188,4519.963438
22554.973130,296.082377,-6883.915261,3064.381992
22554.973463,-1924.535449,-7920.203579,-612.876398
22554.973796,-2738.761985,-6809.894666,-3907.087040
22554.974129,-1850.514855,-5551.544565,-6511.811733
22554.974462,-2738.761985,-9474.636058,-2528.115143
22554.974795,-888.247130,-9844.739029,-919.314598
22554.975128,0.000000,-15470.304188,5745.716235
22554.975461,4663.297435,-7105.977043,1762.019645
22554.975793,2664.741391,-7772.162391,1225.752797
22554.976126,3256.906145,-12583.501014,3600.648841
22554.976459,2812.782580,-8956.491898,1608.800546
22554.976792,1702.473667,-13323.706956,4213.525239
22554.977125,518.144159,-7920.203579,1838.629195
22554.977458,-666.185348,-4737.318029,-3753.867940
22554.977791,-2368.659014,-9548.656652,-2451.505594
22554.978124,-74.020594,-9474.636058,-76.609550
22554.978456,-1850.514855,-9178.553681,-3753.867940
22554.978789,-3034.844362,-11325.150913,0.000000
22554.979122,1702.473667,-8882.471304,3600.648841
22554.979455,-1332.370696,-6439.791695,3140.991542
22554.979788,2664.741391,-7105.977043,3370.820191
22554.980121,3034.844362,-10510.924376,4443.353888
22554.980454,0.000000,-9548.656652,4290.134789
22554.980787,0.000000,-8364.327145,4290.134789
22554.981120,-74.020594,-13027.624579,2987.772442
22554.981452,-1110.308913,-4737.318029,-1302.362347
22554.981785,0.000000,-9844.739029,4519.963438
22554.982118,296.082377,-4811.338623,-1225.752797
22554.982451,-2294.638420,-5107.421000,-5209.449386
22554.982784,222.061783,-11843.295072,-1302.362347
22554.983117,518.144159,-11917.315666,2757.943793
22554.983450,-74.020594,-13027.624579,6052.154434
22554.983783,1480.411884,-5921.647536,-76.609550
22554.984115,4663.297435,-11547.212695,-1149.143247
22554.984448,1184.329507,-11917.315666,5669.106685
22554.984781,2960.823768,-10658.965565,6052.154434
22554.985114,-888.247130,-9548.656652,4290.134789
22554.985447,-962.267725,-5551.544565,-1302.362347
22554.985780,370.102971,-8586.388927,1225.752797
22554.986113,-1998.556043,-10658.965565,-842.705048
22554.986446,-3849.070898,-8142.265362,-2681.334243
22554.986778,-370.102971,-5921.647536,-3140.991542
22554.987111,-1184.329507,-6291.750507,0.000000
22554.987444,3108.864956,-9474.636058,4826.401637
22554.987777,814.226536,-12657.521608,3983.696590
22554.988110,5403.503377,-14434.015869,8503.660028
22554.988443,3108.864956,-7476.080014,4136.915689
22554.988776,4959.379811,-3849.070898,689.485948
22554.989109,1924.535449,-7772.162391,-1072.533697
22554.989442,0.000000,-9548.656652,-1378.971896
22554.989774,-2442.679609,-12361.439231,-4903.011187
22554.990107,-3997.112087,-8882.471304,-7431.126331
22554.990440,-3478.967927,-10140.821405,-6665.030833
22554.990773,-1924.535449,-13397.727550,-995.924147
22554.991106,-1924.535449,-6809.894666,536.266849
22554.991439,2072.576638,-13323.706956,7277.907231
22554.991772,3775.050304,-1628.453072,3677.258390
22554.992105,1628.453072,-6957.935855,2451.505594
22554.992437,5329.482782,-12583.501014,5362.668486
22554.992770,296.082377,-5699.585753,2451.505594
22554.993103,-666.185348,-6587.832884,-2987.772442
22554.993436,-888.247130,-4219.173869,-6511.811733
22554.993769,-2886.803174,-11843.295072,-6205.373534
22554.994102,0.000000,-13101.645173,-6128.763984
22554.994435,-74.020594,-12065.356855,-3370.820191
22554.994768,-4145.153275,-14285.974681,0.000000
22554.995101,888.247130,-7105.977043,1149.143247
22554.995433,2294.638420,-7698.141797,1149.143247
22554.995766,2960.823768,-6587.832884,3294.210641
22554.996099,1554.432478,-6365.771101,153.219100
22554.996432,2442.679609,-16210.510130,1915.238745
22554.996765,-444.123565,-10955.047942,2834.553343
22554.997098,-1258.350101,-6513.812290,-3753.867940
22554.997431,-1258.350101,-3627.009116,-2451.505594
22554.997764,-1628.453072,-3627.009116,-4903.011187
22554.998096,1110.308913,-11251.130318,-5592.497135
22554.998429,-5625.565159,-13101.645173,-6741.640382
22554.998762,-1406.391290,-13027.624579,-5898.935335
22554.999095,0.000000,-10732.986159,1838.629195
22554.999428,2442.679609,-7476.080014,3983.696590
22554.999761,3478.967927,-11843.295072,7431.126331
22555.000094,3478.967927,-5921.647536,2374.896044
22555.000427,1480.411884,-8364.327145,1838.629195
22555.000760,5255.462188,-13027.624579,4519.963438
22555.001092,4663.297435,-7698.141797,2374.896044
22555.001425,-3849.070898,-11029.068536,-1685.410096
22555.001758,-1554.432478,-10066.800811,-2911.162892
22555.002091,-4811.338623,-7105.977043,-6665.030833
22555.002424,-962.267725,-7254.018232,-6435.202183
22555.002757,740.205942,-9326.594869,-1302.362347
22555.003090,-814.226536,-11843.295072,3294.210641
22555.003423,-2220.617826,-8882.471304,4366.744339
22555.003755,-1110.308913,-9030.512492,2221.676944
22555.004088,2442.679609,-10658.965565,6128.763984
22555.004421,7254.018232,-9030.512492,9422.974625
22555.004754,4663.297435,-8290.306550,4826.401637
22555.005087,592.164754,-666.185348,612.876398
22555.005420,-592.164754,-10288.862594,-76.609550
22555.005753,-74.020594,-9178.553681,-1608.800546
22555.006086,-3552.988522,-8364.327145,-6128.763984
22555.006418,-1258.350101,-13027.624579,-5439.278036
22555.006751,666.185348,-11251.130318,-459.657299
22555.007084,-888.247130,-10140.821405,1532.190996
22555.007417,2294.638420,-10658.965565,4213.525239
22555.007750,2072.576638,-11251.130318,5439.278036
22555.008083,2368.659014,-12509.480420,10648.727422
22555.008415,4071.132681,-8290.306550,8503.660028
22555.008748,1702.473667,-2442.679609,3064.381992
22555.009081,2294.638420,-3552.988522,2374.896044
22555.009414,-592.164754,-5181.441594,-76.609550
22555.009747,-2442.679609,-7698.141797,-4979.620737
22555.010080,-2812.782580,-15026.180623,-612.876398
22555.010413,-3552.988522,-9548.656652,-4903.011187
22555.010745,-74.020594,-9178.553681,-4366.744339
22555.011078,0.000000,-7772.162391,1762.019645
22555.011411,2590.720797,-5625.565159,-995.924147
22555.011744,74.020594,-8290.306550,1608.800546
22555.012077,0.000000,-13101.645173,0.000000
22555.012410,2072.576638,-16876.695478,5515.887586
22555.012742,3256.906145,-9400.615463,5898.935335
22555.013075,3108.864956,-6957.935855,2987.772442
22555.013408,4071.132681,-5921.647536,2374.896044
22555.013741,-2442.679609,-3627.009116,-6128.763984
22555.014074,-666.185348,-11547.212695,-3753.867940
22555.014407,-2442.679609,-13693.809927,-5439.278036
22555.014740,-2368.659014,-10140.821405,-1685.410096
22555.015072,-666.185348,-8290.306550,-1991.848295
22555.015405,0.000000,-6291.750507,-76.609550
22555.015738,222.061783,-10658.965565,2068.457845
22555.016071,2072.576638,-12583.501014,7584.345430
22555.016404,2072.576638,-10140.821405,5439.278036
22555.016737,3256.906145,-10436.903782,8810.098227
22555.017069,4663.297435,0.000000,1455.581446
22555.017402,-2072.576638,-3330.926739,-4903.011187
22555.017735,2072.576638,-7698.141797,-1915.238745
22555.018068,-3034.844362,-11251.130318,-6511.811733
22555.018401,-1702.473667,-16432.571912,-5592.497135
22555.018734,1776.494261,-12361.439231,-919.314598
22555.019067,-296.082377,-10510.924376,-3447.429741
22555.019399,2294.638420,-7105.977043,-2068.457845
22555.019732,296.082377,-11325.150913,2068.457845
22555.020065,2368.659014,-13471.748144,2911.162892
22555.020398,2590.720797,-8734.430116,5132.839837
22555.020731,2516.700203,-9252.574275,2145.067394
22555.021064,2294.638420,-7994.224174,2528.115143
22555.021396,-1480.411884,-7772.162391,4213.525239
22555.021729,-74.020594,-9474.636058,-76.609550
22555.022062,-3182.885551,-4811.338623,-1225.752797
22555.022395,-444.123565,-4959.379811,-4290.134789
22555.022728,-74.020594,-13027.624579,-842.705048
22555.023061,-2960.823768,-5847.626942,-3677.258390
22555.023394,-2738.761985,-5107.421000,-7967.393179
22555.023726,2442.679609,-12139.377449,1532.190996
22555.024059,1184.329507,-14434.015869,1225.752797
22555.024392,2368.659014,-15470.304188,6052.154434
22555.024725,2738.761985,-11399.171507,919.314598
22555.025058,0.000000,-5995.668130,-3370.820191
22555.025391,2368.659014,-8734.430116,-76.609550
22555.025723,-814.226536,-10436.903782,0.000000
22555.026056,-2442.679609,-7994.224174,-689.485948
22555.026389,-3108.864956,-5921.647536,-4979.620737
22555.026722,-1628.453072,-8512.368333,-1608.800546
22555.027055,-74.020594,-5773.606348,1149.143247
22555.027388,2294.638420,-10955.047942,3600.648841
22555.027721,0.000000,-6587.832884,1532.190996
22555.028053,-592.164754,-14211.954086,3677.258390
22555.028386,2590.720797,-15100.201217,6665.030833
22555.028719,592.164754,-10436.903782,7277.907231
22555.029052,1850.514855,-6439.791695,1532.190996
22555.029385,1258.350101,-2368.659014,-2374.896044
22555.029718,1332.370696,-7624.121203,-1532.190996
22555.030050,-888.247130,-9474.636058,-995.924147
22555.030383,-2442.679609,-14211.954086,-3753.867940
22555.030716,-4441.235652,-13101.645173,0.000000
22555.031049,-1850.514855,-13027.624579,995.924147
22555.031382,3034.844362,-3256.906145,2374.896044
22555.031715,3627.009116,-7105.977043,5439.278036
22555.032048,3849.070898,-5255.462188,3907.087040
22555.032380,1184.329507,-9844.739029,2604.724693
22555.032713,222.061783,-12435.459826,4213.525239
22555.033046,0.000000,-8956.491898,612.876398
22555.033379,-370.102971,-7179.997637,612.876398
22555.033712,2442.679609,-7105.977043,2451.505594
22555.034045,-74.020594,-8290.306550,-3217.601092
22555.034377,-2220.617826,-13101.645173,612.876398
22555.034710,-3108.864956,-12731.542202,2987.772442
22555.035043,-2146.597232,-5107.421000,-689.485948
22555.035376,0.000000,-2072.576638,-3830.477490
22555.035709,1406.391290,-10955.047942,1762.019645
22555.036042,1184.329507,-11917.315666,4903.011187
22555.036375,148.041188,-13693.809927,4903.011187
22555.036707,4589.276840,-6217.729913,2757.943793
22555.037040,2294.638420,-7920.203579,1455.581446
22555.037373,592.164754,-7624.121203,0.000000
22555.037706,-3997.112087,-9548.656652,-6128.763984
22555.038039,-5551.544565,-10140.821405,-8503.660028
22555.038372,1184.329507,-7476.080014,-689.485948
22555.038704,-666.185348,-9696.697840,229.828649
22555.039037,1110.308913,-8290.306550,-76.609550
22555.039370,-2664.741391,-10066.800811,1762.019645
22555.039703,0.000000,-10288.862594,1991.848295
22555.040036,1776.494261,-8364.327145,2987.772442
22555.040369,2590.720797,-10584.944971,4519.963438
22555.040702,4663.297435,-15396.283594,8503.660028
22555.041034,0.000000,-7179.997637,7354.516781
22555.041367,1480.411884,-5921.647536,-76.609550
22555.041700,518.144159,-74.020594,-6128.763984
22555.042033,-3552.988522,-4811.338623,-7354.516781
22555.042366,-666.185348,-13619.789333,-5898.935335
22555.042699,-4145.153275,-16950.716072,-2068.457845
22555.043031,-3552.988522,-17246.798449,-1685.410096
22555.043364,4959.379811,-6365.771101,6894.859482
22555.043697,2146.597232,-2516.700203,76.609550
22555.044030,2960.823768,-6587.832884,4290.134789
22555.044363,4071.132681,-11843.295072,3600.648841
22555.044696,2294.638420,-13471.748144,3064.381992
22555.045029,4145.153275,-6513.812290,4826.401637
22555.045361,-2442.679609,-5255.462188,-5515.887586
22555.045694,592.164754,-8068.244768,-2834.553343
22555.046027,-2146.597232,-9696.697840,-1072.533697
22555.046360,148.041188,-10881.027347,-2374.896044
22555.046693,-2368.659014,-5995.668130,-3064.381992
22555.047026,1998.556043,-13323.706956,-76.609550
22555.047358,-74.020594,-8290.306550,0.000000
22555.047691,-2960.823768,-7772.162391,0.000000
22555.048024,4441.235652,-11843.295072,1762.019645
22555.048357,3182.885551,-11325.150913,4903.011187
22555.048690,2738.761985,-9696.697840,3217.601092
22555.049023,518.144159,-12879.583391,3294.210641
22555.049356,444.123565,-8364.327145,689.485948
22555.049688,0.000000,-8364.327145,-3064.381992
22555.050021,-1702.473667,-6661.853478,-2528.115143
22555.050354,-2738.761985,-3923.091493,-8503.660028
22555.050687,-3701.029710,-7624.121203,-6665.030833
22555.051020,1110.308913,-8290.306550,-3140.991542
22555.051353,-74.020594,-12879.583391,0.000000
22555.051685,0.000000,-12805.562797,3064.381992
22555.052018,4071.132681,-14211.954086,3600.648841
22555.052351,2738.761985,-11917.315666,4903.011187
22555.052684,6735.874072,-4737.318029,4826.401637
22555.053017,1554.432478,-10732.986159,4290.134789
22555.053350,962.267725,-6069.688724,0.000000
22555.053683,-4367.215058,-7105.977043,-4979.620737
22555.054015,-2368.659014,-10140.821405,-1838.629195
22555.054348,2294.638420,-6291.750507,-4903.011187
22555.054681,-148.041188,-10658.965565,-2528.115143
22555.055014,1110.308913,-10955.047942,-2528.115143
22555.055347,-4071.132681,-14285.974681,-1838.629195
22555.055680,1184.329507,-10732.986159,3753.867940
22555.056012,1332.370696,-9548.656652,3217.601092
22555.056345,4663.297435,-7105.977043,4366.744339
22555.056678,3775.050304,-5921.647536,2681.334243
22555.057011,2590.720797,-11843.295072,6052.154434
22555.057344,1258.350101,-8068.244768,3677.258390
22555.057677,-74.020594,-9474.636058,-76.609550
22555.058010,-1998.556043,-7772.162391,0.000000
22555.058342,-74.020594,-9326.594869,-76.609550
22555.058675,-2738.761985,-11695.253884,0.000000
22555.059008,-3256.906145,-10066.800811,2911.162892
22555.059341,888.247130,-4811.338623,1378.971896
22555.059674,3478.967927,-1702.473667,3294.210641
22555.060007,2516.700203,-5699.585753,153.219100
22555.060340,0.000000,-11325.150913,2145.067394
22555.060672,-2442.679609,-14582.057057,1225.752797
22555.061005,0.000000,-11917.315666,2451.505594
22555.061338,6735.874072,-11843.295072,7277.907231
22555.061671,-666.185348,-6365.771101,-1608.800546
22555.062004,-74.020594,-6513.812290,-2528.115143
22555.062337,-4737.318029,-12583.501014,-3524.039291
22555.062669,-4219.173869,-12213.398043,-1455.581446
22555.063002,-1850.514855,-3552.988522,-1225.752797
22555.063335,-74.020594,-9474.636058,1762.019645
22555.063668,0.000000,-4811.338623,4903.011187
22555.064001,1850.514855,-13619.789333,8503.660028
22555.064334,7031.956449,-11843.295072,9422.974625
22555.064667,518.144159,-3108.864956,4443.353888
22555.064999,3923.091493,-3849.070898,-842.705048
22555.065332,-2368.659014,-10436.903782,-1225.752797
22555.065665,-2590.720797,-14730.098246,-766.095498
22555.065998,-1628.453072,-13471.748144,306.438199
22555.066331,1702.473667,-9178.553681,766.095498
22555.066664,0.000000,-2812.782580,-3600.648841
22555.066996,-2738.761985,-5921.647536,-1302.362347
22555.067329,296.082377,-12583.501014,766.095498
22555.067662,0.000000,-14582.057057,5515.887586
22555.067995,1702.473667,-7698.141797,2374.896044
22555.068328,3404.947333,-7179.997637,-3064.381992
22555.068661,3849.070898,-9548.656652,7584.345430
22555.068994,3478.967927,-4737.318029,995.924147
22555.069326,2590.720797,-7328.038826,612.876398
22555.069659,-74.020594,-6587.832884,-4136.915689
22555.069992,-3478.967927,-9696.697840,-9269.755526
22555.070325,-2960.823768,-13989.892304,-2145.067394
22555.070658,-666.185348,-15988.448347,1762.019645
22555.070991,-74.020594,-7698.141797,-76.609550
22555.071323,0.000000,-3034.844362,2145.067394
22555.071656,2368.659014,-8956.491898,4366.744339
22555.071989,-74.020594,-10362.883188,3907.087040
22555.072322,0.000000,-11917.315666,6588.421283
22555.072655,2590.720797,-3923.091493,2145.067394
22555.072988,222.061783,-3997.112087,-3140.991542
22555.073321,3627.009116,-10288.862594,-689.485948
22555.073653,-3627.009116,-14730.098246,-612.876398
22555.073986,-1850.514855,-9770.718434,-6818.249932
22555.074319,0.000000,-7772.162391,-2528.115143
22555.074652,-1850.514855,-8586.388927,-6665.030833
22555.074985,-74.020594,-8068.244768,-6588.421283
22555.075318,-666.185348,-17172.777854,842.705048
22555.075650,2368.659014,-13471.748144,4136.915689
22555.075983,888.247130,-4219.173869,2604.724693
22555.076316,2886.803174,-6513.812290,1072.533697
22555.076649,2664.741391,-11325.150913,6128.763984
22555.076982,370.102971,-7254.018232,3064.381992
22555.077315,2368.659014,-7179.997637,3600.648841
22555.077648,-222.061783,-8882.471304,-1915.238745
22555.077980,0.000000,-5625.565159,-4213.525239
22555.078313,-2368.659014,-9548.656652,-1225.752797
22555.078646,-2886.803174,-7031.956449,-4213.525239
22555.078979,-962.267725,-7402.059420,-7354.516781
22555.079312,592.164754,-12065.356855,-2221.676944
22555.079645,4367.215058,-13027.624579,2987.772442
22555.079977,-2368.659014,-16062.468941,4519.963438
22555.080310,2886.803174,-9474.636058,5132.839837
22555.080643,0.000000,-4219.173869,0.000000
22555.080976,7031.956449,-6809.894666,2374.896044
22555.081309,4219.173869,-9548.656652,0.000000
22555.081642,-1036.288319,-13027.624579,-689.485948
22555.081975,-1036.288319,-7476.080014,689.485948
22555.082307,-2812.782580,-6291.750507,-3907.087040
22555.082640,-666.185348,-4737.318029,-3753.867940
22555.082973,-2368.659014,-9326.594869,-2374.896044
22555.083306,-1480.411884,-10881.027347,-1532.190996
22555.083639,-666.185348,-10140.821405,0.000000
22555.083972,3478.967927,-11843.295072,4903.011187
22555.084304,6439.791695,-11843.295072,11568.042020
22555.084637,296.082377,-8364.327145,7354.516781
22555.084970,962.267725,-9474.636058,3600.648841
22555.085303,0.000000,-6291.750507,1225.752797
22555.085636,-1776.494261,-7772.162391,0.000000
22555.085969,1998.556043,-7105.977043,-1302.362347
22555.086302,-2664.741391,-11325.150913,1149.143247
22555.086634,-4145.153275,-6291.750507,-3217.601092
22555.086967,-2442.679609,-5699.585753,-4903.011187
22555.087300,0.000000,-7476.080014,-3217.601092
22555.087633,2664.741391,-10288.862594,1149.143247
22555.087966,3478.967927,-17764.942608,4519.963438
22555.088299,370.102971,-12509.480420,4903.011187
22555.088631,2146.597232,-10658.965565,7277.907231
22555.088964,3775.050304,-5995.668130,4903.011187
22555.089297,4959.379811,-5181.441594,4826.401637
22555.089630,296.082377,-7624.121203,-459.657299
22555.089963,-2072.576638,-11029.068536,1762.019645
22555.090296,0.000000,-9548.656652,1225.752797
22555.090629,-1110.308913,-9474.636058,2374.896044
22555.090961,-1258.350101,-4293.194464,-2068.457845
22555.091294,-3552.988522,-5995.668130,-4290.134789
22555.091627,-2072.576638,-8586.388927,-1302.362347
22555.091960,2368.659014,-11177.109724,2374.896044
22555.092293,3775.050304,-13101.645173,7431.126331
22555.092626,1480.411884,-6661.853478,1378.971896
22555.092958,2960.823768,-8586.388927,0.000000
22555.093291,1554.432478,-14211.954086,2987.772442
22555.093624,814.226536,-11843.295072,-3140.991542
22555.093957,-2072.576638,-11917.315666,1838.629195
22555.094290,1998.556043,-9178.553681,2221.676944
22555.094623,-74.020594,-1184.329507,-2681.334243
22555.094956,-2368.659014,-5403.503377,-689.485948
22555.095288,74.020594,-8512.368333,306.438199
22555.095621,-1480.411884,-8068.244768,-612.876398
22555.095954,1332.370696,-13175.665768,3753.867940
22555.096287,4663.297435,-11547.212695,6052.154434
22555.096620,2146.597232,-8364.327145,5286.058936
22555.096953,2516.700203,-7698.141797,4826.401637
22555.097285,-740.205942,-5995.668130,-3064.381992
22555.097618,-5921.647536,-9548.656652,-5822.325785
22555.097951,-1776.494261,-9548.656652,-3064.381992
22555.098284,-74.020594,-13619.789333,1149.143247
22555.098617,-3256.906145,-6587.832884,-2911.162892
22555.098950,-2368.659014,-4515.256246,-4519.963438
22555.099283,-2220.617826,-11399.171507,-2145.067394
22555.099615,1924.535449,-6883.915261,153.219100
22555.099948,2294.638420,-10066.800811,842.705048
22555.100281,2960.823768,-10732.986159,1532.190996
22555.100614,2886.803174,-10658.965565,3600.648841
22555.100947,1110.308913,-7179.997637,2834.553343
22555.101280,4663.297435,-13027.624579,2374.896044
22555.101612,0.000000,-7772.162391,1225.752797
22555.101945,0.000000,-5107.421000,-1378.971896
22555.102278,888.247130,-8290.306550,-3370.820191
22555.102611,-1628.453072,-11029.068536,-1608.800546
22555.102944,-2368.659014,-12657.521608,459.657299
22555.103277,-222.061783,-10066.800811,995.924147
22555.103610,-740.205942,-7772.162391,-1532.190996
22555.103942,1184.329507,-4219.173869,1149.143247
22555.104275,0.000000,-7179.997637,-2451.505594
22555.104608,1184.329507,-11917.315666,2374.896044
22555.104941,1998.556043,-11547.212695,1455.581446
22555.105274,-518.144159,-10658.965565,842.705048
22555.105607,2294.638420,-8586.388927,536.266849
22555.105939,-2072.576638,-10140.821405,459.657299
22555.106272,0.000000,-8438.347739,306.438199
22555.106605,888.247130,-2072.576638,-3140.991542
22555.106938,-666.185348,-8290.306550,-5286.058936
22555.107271,0.000000,-10732.986159,153.219100
22555.107604,1184.329507,-16358.551318,8044.002729
22555.107937,1702.473667,-13323.706956,5745.716235
22555.108269,592.164754,-5995.668130,3677.258390
22555.108602,3478.967927,-4071.132681,1378.971896
22555.108935,3627.009116,-7698.141797,2451.505594
22555.109268,1184.329507,-11029.068536,2834.553343
22555.109601,-3478.967927,-10732.986159,-306.438199
22555.109934,-3997.112087,-5995.668130,-5822.325785
22555.110267,-5921.647536,-7179.997637,0.000000
22555.110600,1702.473667,-6513.812290,-2528.115143
22555.110932,-4737.318029,-7179.997637,-4290.134789
22555.111265,-2368.659014,-7179.997637,-2451.505594
22555.111598,1332.370696,-11917.315666,2451.505594
22555.111931,1702.473667,-12139.377449,4903.011187
22555.112264,2664.741391,-6217.729913,1608.800546
22555.112597,74.020594,-7772.162391,229.828649
22555.112930,3478.967927,-5403.503377,-2298.286494
22555.113263,2368.659014,-8956.491898,0.000000
22555.113596,1850.514855,-14063.912898,2987.772442
22555.113929,0.000000,-12509.480420,459.657299
22555.114261,-1258.350101,-13027.624579,3600.648841
22555.114594,-1850.514855,-4515.256246,-3064.381992
22555.114927,-2072.576638,-5995.668130,-2451.505594
22555.115260,1776.494261,-9326.594869,3600.648841
22555.115593,74.020594,-7772.162391,1838.629195
22555.115926,-2368.659014,-11917.315666,5515.887586
22555.116259,2738.761985,-6143.709319,1378.971896
22555.116592,2294.638420,-11325.150913,5822.325785
22555.116925,5255.462188,-1998.556043,2374.896044
22555.117257,-740.205942,-6957.935855,-4366.744339
22555.117590,962.267725,-12805.562797,-4903.011187
22555.117923,-444.123565,-17320.819043,-76.609550
22555.118256,-3034.844362,-12435.459826,-1302.362347
22555.118589,-1850.514855,-7328.038826,-4903.011187
22555.118922,-1554.432478,-9474.636058,-1608.800546
22555.119255,740.205942,-7328.038826,2451.505594
22555.119588,2738.761985,-6883.915261,3677.258390
22555.119921,3182.885551,-10510.924376,5056.230287
22555.120254,888.247130,-8364.327145,3677.258390
22555.120586,1998.556043,-9548.656652,2451.505594
22555.120919,3775.050304,-10658.965565,6665.030833
22555.121252,666.185348,-3997.112087,-2451.505594
22555.121585,-1776.494261,-5995.668130,-3677.258390
22555.121918,-2368.659014,-11029.068536,-4290.134789
22555.122251,-3849.070898,-11103.089130,-4060.306139
22555.122584,-3034.844362,-10288.862594,-842.705048
22555.122917,-1406.391290,-8734.430116,-1149.143247
22555.123250,-370.102971,-10658.965565,1149.143247
22555.123583,592.164754,-7772.162391,4903.011187
22555.123915,4663.297435,-8882.471304,3600.648841
22555.124248,740.205942,-4811.338623,612.876398
22555.124581,3182.885551,-10658.965565,1532.190996
22555.124914,-74.020594,-14211.954086,2681.334243
22555.125247,1924.535449,-6883.915261,-1532.190996
22555.125580,1184.329507,-5403.503377,-4443.353888
22555.125913,0.000000,-9622.677246,-3447.429741
22555.126246,-1184.329507,-7179.997637,-4290.134789
22555.126579,-222.061783,-14211.954086,-689.485948
22555.126912,-3552.988522,-13397.727550,0.000000
22555.127244,-2368.659014,-9548.656652,0.000000
22555.127577,-74.020594,-7994.224174,-612.876398
22555.127910,2886.803174,-8734.430116,4213.525239
22555.128243,1702.473667,-8216.285956,3983.696590
22555.128576,3849.070898,-9400.615463,5669.106685
22555.128909,3256.906145,-8586.388927,5592.497135
22555.129242,0.000000,-5403.503377,-1225.752797
22555.129575,1406.391290,-8586.388927,-2834.553343
22555.129908,-1406.391290,-8586.388927,-2834.553343
22555.130241,-2960.823768,-9844.739029,-3907.087040
22555.130573,-3108.864956,-8734.430116,-4136.915689
22555.130906,-4737.318029,-8956.491898,-7201.297681
22555.131239,-1036.288319,-12435.459826,-2528.115143
22555.131572,2294.638420,-7624.121203,-919.314598
22555.131905,2664.741391,-8660.409521,4213.525239
22555.132238,5773.606348,-12731.542202,8120.612279
22555.132571,2590.720797,-8660.409521,3064.381992
22555.132904,3108.864956,-11177.109724,3907.087040
22555.133237,1184.329507,-8808.450710,1455.581446
22555.133569,2368.659014,-7105.977043,1378.971896
22555.133902,-2072.576638,-6291.750507,-2451.505594
22555.134235,-666.185348,-8290.306550,-3140.991542
22555.134568,-3997.112087,-7698.141797,-4366.744339
22555.134901,-4737.318029,-7772.162391,-4903.011187
22555.135234,-74.020594,-13619.789333,1762.019645
22555.135567,-2220.617826,-11917.315666,1685.410096
22555.135900,3478.967927,-8068.244768,6205.373534
22555.136233,2072.576638,-6587.832884,3064.381992
22555.136566,3182.885551,-5995.668130,459.657299
22555.136898,5847.626942,-10362.883188,2987.772442
22555.137231,4071.132681,-13619.789333,-1608.800546
22555.137564,-1776.494261,-9548.656652,-76.609550
22555.137897,-1554.432478,-11547.212695,-3753.867940
22555.138230,-666.185348,-9030.512492,-4826.401637
22555.138563,-962.267725,-10658.965565,-1302.362347
22555.138896,-1480.411884,-6291.750507,-2451.505594
22555.139229,-4515.256246,-10881.027347,-1991.848295
22555.139562,296.082377,-9844.739029,3370.820191
22555.139895,1184.329507,-8068.244768,6665.030833
22555.140227,2368.659014,-5995.668130,5515.887586
22555.140560,4145.153275,-4737.318029,2987.772442
22555.140893,2590.720797,-9548.656652,2451.505594
22555.141226,4663.297435,-9844.739029,4903.011187
22555.141559,962.267725,-11103.089130,-76.609550
22555.141892,-962.267725,-11177.109724,-2681.334243
22555.142225,-2294.638420,-9548.656652,-4136.915689
22555.142558,-1258.350101,-9918.759623,-2221.676944
22555.142891,-1406.391290,-7254.018232,-2298.286494
22555.143224,-2960.823768,-10140.821405,-995.924147
22555.143556,-518.144159,-6143.709319,-536.266849
22555.143889,-518.144159,-10140.821405,919.314598
22555.144222,3552.988522,-13767.830521,9116.536426
22555.144555,4663.297435,-11843.295072,9729.412825
22555.144888,3775.050304,-7105.977043,5056.230287
22555.145221,4737.318029,-7772.162391,7354.516781
22555.145554,1702.473667,-5625.565159,842.705048
22555.145887,0.000000,-7402.059420,-2145.067394
22555.146220,222.061783,-9474.636058,-689.485948
22555.146553,-2664.741391,-9474.636058,-3753.867940
22555.146885,-4811.338623,-9474.636058,-3983.696590
22555.147218,-2442.679609,-6809.894666,-4519.963438
22555.147551,-3552.988522,-12213.398043,2145.067394
22555.147884,1554.432478,-10732.986159,6128.763984
22555.148217,2960.823768,-8808.450710,6665.030833
22555.148550,4071.132681,-9474.636058,5439.278036
22555.148883,4663.297435,-4441.235652,3294.210641
22555.149216,4959.379811,-7698.141797,4519.963438
22555.149549,-1184.329507,-8364.327145,-842.705048
22555.149881,-1110.308913,-9178.553681,-4673.182538
22555.150214,-5921.647536,-10881.027347,-7354.516781
22555.150547,-2442.679609,-9474.636058,-9882.631924
22555.150880,-1776.494261,-12879.583391,-612.876398
22555.151213,-370.102971,-11843.295072,-76.609550
22555.151546,-888.247130,-5995.668130,0.000000
22555.151879,-1776.494261,-8364.327145,1838.629195
22555.152212,2886.803174,-9696.697840,4366.744339
22555.152545,4071.132681,-8882.471304,7277.907231
22555.152878,4663.297435,-6439.791695,4903.011187
22555.153210,3923.091493,-8068.244768,2834.553343
22555.153543,444.123565,-7476.080014,842.705048
22555.153876,-74.020594,-11843.295072,-1302.362347
22555.154209,-4811.338623,-11251.130318,-7431.126331
22555.154542,-3552.988522,-7179.997637,-4596.572988
22555.154875,1702.473667,-8882.471304,-2528.115143
22555.155208,-1184.329507,-6587.832884,-3370.820191
22555.155541,-518.144159,-9770.718434,-3294.210641
22555.155874,-1258.350101,-14804.118840,-612.876398
22555.156207,1702.473667,-12435.459826,1915.238745
22555.156539,1480.411884,-10732.986159,3677.258390
22555.156872,5847.626942,-9178.553681,4213.525239
22555.157205,2664.741391,-5995.668130,3677.258390
22555.157538,4367.215058,-11547.212695,2987.772442
22555.157871,2294.638420,-9474.636058,-76.609550
22555.158204,-1776.494261,-8660.409521,-76.609550
22555.158537,-1406.391290,-3552.988522,-3753.867940
22555.158870,-2886.803174,-7402.059420,-7354.516781
22555.159203,-1628.453072,-10288.862594,-2834.553343
22555.159536,-4145.153275,-12213.398043,612.876398
22555.159868,1258.350101,-12509.480420,2298.286494
22555.160201,-74.020594,-8068.244768,1378.971896
22555.160534,2516.700203,-10510.924376,3370.820191
22555.160867,5255.462188,-10658.965565,7354.516781
22555.161200,2442.679609,-5995.668130,4903.011187
22555.161533,1184.329507,-9474.636058,-76.609550
22555.161866,-74.020594,-7105.977043,-4366.744339
22555.162199,-3552.988522,-8364.327145,-3677.258390
22555.162532,-666.185348,-8882.471304,-3140.991542
22555.162864,-3108.864956,-10140.821405,-1991.848295
22555.163197,-1924.535449,-9474.636058,-3064.381992
22555.163530,-2220.617826,-7179.997637,-3370.820191
22555.163863,0.000000,-10732.986159,1225.752797
22555.164196,592.164754,-9548.656652,7354.516781
22555.164529,4071.132681,-12435.459826,7124.688131
22555.164862,4663.297435,-11843.295072,6665.030833
22555.165195,0.000000,-6587.832884,4903.011187
22555.165528,1776.494261,-3034.844362,76.609550
22555.165861,1036.288319,-4293.194464,-2374.896044
22555.166193,-1480.411884,-9474.636058,-2604.724693
22555.166526,-2664.741391,-11843.295072,-2834.553343
22555.166859,-1258.350101,-13471.748144,-2528.115143
22555.167192,-4145.153275,-11029.068536,-76.609550
22555.167525,-74.020594,-8290.306550,-383.047749
22555.167858,1480.411884,-3923.091493,3830.477490
22555.168191,0.000000,-8660.409521,3064.381992
22555.168524,4071.132681,-10066.800811,5975.544884
22555.168857,740.205942,-13101.645173,4136.915689
22555.169190,2812.782580,-12953.603985,7124.688131
22555.169522,3478.967927,-6809.894666,5132.839837
22555.169855,0.000000,-4811.338623,306.438199
22555.170188,4367.215058,-7105.977043,-76.609550
22555.170521,-3552.988522,-7179.997637,-4903.011187
22555.170854,-4737.318029,-9548.656652,-4213.525239
22555.171187,-2442.679609,-11843.295072,-2528.115143
22555.171520,74.020594,-6661.853478,-3294.210641
22555.171853,1258.350101,-9548.656652,3370.820191
22555.172186,2442.679609,-14063.912898,8503.660028
22555.172519,-1480.411884,-8956.491898,4596.572988
22555.172851,1184.329507,-7402.059420,3677.258390
22555.173184,5847.626942,-7550.100608,3677.258390
22555.173517,5329.482782,-7328.038826,9422.974625
22555.173850,1702.473667,-7105.977043,-1915.238745
22555.174183,-6513.812290,-7476.080014,-6741.640382
22555.174516,-3552.988522,-11547.212695,-4749.792088
22555.174849,-1628.453072,-9548.656652,-2451.505594
22555.175182,-1036.288319,-12065.356855,-383.047749
22555.175515,0.000000,-8290.306550,-1838.629195
22555.175848,0.000000,-8956.491898,612.876398
22555.176180,1998.556043,-12361.439231,1838.629195
22555.176513,3701.029710,-11547.212695,6588.421283
22555.176846,2368.659014,-9326.594869,6818.249932
22555.177179,2812.782580,-5847.626942,2604.724693
22555.177512,888.247130,-6143.709319,612.876398
22555.177845,1702.473667,-9474.636058,229.828649
22555.178178,-3552.988522,-8364.327145,1225.752797
22555.178511,-74.020594,-9474.636058,-2528.115143
22555.178844,-3627.009116,-4737.318029,-6818.249932
22555.179176,-3552.988522,-5107.421000,-5362.668486
22555.179509,-592.164754,-8882.471304,-2298.286494
22555.179842,222.061783,-11103.089130,-1532.190996
22555.180175,444.123565,-11769.274478,-766.095498
22555.180508,2294.638420,-12731.542202,-76.609550
22555.180841,2738.761985,-11029.068536,1838.629195
22555.181174,5255.462188,-12731.542202,8503.660028
22555.181507,4663.297435,-7994.224174,-76.609550
22555.181840,740.205942,-7179.997637,-1838.629195
22555.182173,1702.473667,-9474.636058,-2528.115143
22555.182505,-2368.659014,-9548.656652,-3294.210641
22555.182838,-2368.659014,-7920.203579,-4826.401637
22555.183171,-4145.153275,-7105.977043,-6358.592633
22555.183504,-2294.638420,-8290.306550,-3753.867940
22555.183837,74.020594,-5107.421000,-2451.505594
22555.184170,1850.514855,-11547.212695,2374.896044
22555.184503,2886.803174,-9474.636058,-689.485948
22555.184836,2812.782580,-9992.780217,2451.505594
22555.185169,4071.132681,-9918.759623,2528.115143
22555.185502,1184.329507,-7698.141797,-1378.971896
22555.185834,1406.391290,-10288.862594,-3140.991542
22555.186167,740.205942,-7772.162391,-7354.516781
22555.186500,-1184.329507,-7772.162391,-7660.954980
22555.186833,-296.082377,-11251.130318,-6205.373534
22555.187166,-2442.679609,-11251.130318,-12257.527968
22555.187499,-4737.318029,-11917.315666,-9039.926876
22555.187832,1184.329507,-14804.118840,-76.609550
22555.188165,3478.967927,-5181.441594,-3600.648841
22555.188498,4367.215058,-5921.647536,-3830.477490
22555.188831,5625.565159,-8956.491898,-1915.238745
22555.189163,1924.535449,-9030.512492,-4673.182538
22555.189496,-3552.988522,-11917.315666,-7354.516781
22555.189829,-370.102971,-10658.965565,-8810.098227
22555.190162,-1480.411884,-7105.977043,-11568.042020
22555.190495,222.061783,-4367.215058,-12410.747068
22555.190828,1110.308913,-9474.636058,-11721.261119
22555.191161,-2368.659014,-12509.480420,-10495.508323
22555.191494,0.000000,-11917.315666,-8273.831378
22555.191827,2294.638420,-11843.295072,-10495.508323
22555.192160,3182.885551,-11251.130318,-8963.317327
22555.192492,2886.803174,-10658.965565,-7431.126331
22555.192825,2294.638420,-9474.636058,-8963.317327
22555.193158,148.041188,-9104.533087,-11491.432470
22555.193491,1480.411884,-8512.368333,-11568.042020
22555.193824,1480.411884,-9178.553681,-9806.022374
22555.194157,-74.020594,-12435.459826,-9882.631924
22555.194490,1184.329507,-11177.109724,-8044.002729
22555.194823,-2442.679609,-8068.244768,-15628.348159
22555.195156,-1184.329507,-5995.668130,-17773.415554
22555.195488,-1776.494261,-10140.821405,-15321.909960
22555.195821,-222.061783,-11399.171507,-14402.595362
22555.196154,1406.391290,-11547.212695,-12410.747068
22555.196487,2220.617826,-12805.562797,-10801.946522
22555.196820,3627.009116,-11177.109724,-9652.803275
22555.197153,1924.535449,-9844.739029,-11644.651570
22555.197486,3182.885551,-12435.459826,-10495.508323
22555.197819,-1258.350101,-7772.162391,-14709.033562
22555.198152,-2368.659014,-8438.347739,-12640.575717
22555.198485,-74.020594,-6513.812290,-16317.834107
22555.198817,-2368.659014,-6735.874072,-17313.758255
22555.199150,-666.185348,-12583.501014,-12947.013916
22555.199483,-1480.411884,-12213.398043,-12563.966167
22555.199816,370.102971,-10807.006753,-12487.356617
22555.200149,1184.329507,-11029.068536,-11031.775171
22555.200482,4071.132681,-11843.295072,-11108.384721
22555.200815,3182.885551,-11251.130318,-10189.070123
22555.201148,592.164754,-9696.697840,-10418.898773
22555.201481,888.247130,-10362.883188,-11491.432470
22555.201814,962.267725,-8734.430116,-11721.261119
22555.202146,-3256.906145,-7772.162391,-14402.595362
22555.202479,-2146.597232,-9918.759623,-13253.452115
22555.202812,-2738.761985,-8808.450710,-13636.499864
22555.203145,-666.185348,-9474.636058,-12334.137518
22555.203478,1702.473667,-4811.338623,-11951.089769
22555.203811,2368.659014,-9548.656652,-6511.811733
22555.204144,4071.132681,-14211.954086,-4979.620737
22555.204477,74.020594,-10732.986159,-9806.022374
22555.204810,1998.556043,-12953.603985,-8810.098227
22555.205143,2664.741391,-10510.924376,-8044.002729
22555.205475,2368.659014,-9326.594869,-8656.879127
22555.205808,148.041188,-10288.862594,-10265.679673
22555.206141,-1258.350101,-13027.624579,-9269.755526
22555.206474,-1554.432478,-8586.388927,-10265.679673
22555.206807,-1258.350101,-8808.450710,-10572.117872
22555.207140,-1184.329507,-8956.491898,-7124.688131
22555.207473,0.000000,-5995.668130,-7354.516781
22555.207806,2294.638420,-9178.553681,-7737.564530
22555.208139,1702.473667,-11621.233289,-7354.516781
22555.208472,-2368.659014,-13101.645173,-4290.134789
22555.208804,2886.803174,-14063.912898,-3140.991542
22555.209137,1480.411884,-9548.656652,-5286.058936
22555.209470,2368.659014,-8660.409521,-3753.867940
22555.209803,222.061783,-7254.018232,-6052.154434
22555.210136,-1776.494261,-8882.471304,-8733.488677
22555.210469,-74.020594,-9474.636058,-6511.811733
22555.210802,0.000000,-9474.636058,-6205.373534
22555.211135,-1184.329507,-8290.306550,-7431.126331
22555.211468,-5625.565159,-6587.832884,-10725.336972
22555.211801,-3552.988522,-11621.233289,-5132.839837
22555.212134,6439.791695,-11843.295072,-76.609550
22555.212467,7031.956449,-7328.038826,0.000000
22555.212800,4737.318029,-8956.491898,0.000000
22555.213133,1776.494261,-11103.089130,-2528.115143
22555.213466,-2368.659014,-9548.656652,-7354.516781
22555.213799,2294.638420,-9474.636058,-8044.002729
22555.214132,0.000000,-9548.656652,-7354.516781
22555.214465,-74.020594,-8882.471304,-10801.946522
22555.214798,-5625.565159,-6587.832884,-15934.786358
22555.215131,-5625.565159,-11325.150913,-11644.651570
22555.215464,-1776.494261,-11917.315666,-5669.106685
22555.215797,2812.782580,-7550.100608,-3064.381992
22555.216130,5255.462188,-7105.977043,-153.219100
22555.216463,3478.967927,-7105.977043,-4979.620737
22555.216796,1480.411884,-7179.997637,-7354.516781
22555.217129,4071.132681,-12435.459826,-6818.249932
22555.217461,0.000000,-10732.986159,-6741.640382
22555.217794,-74.020594,-10658.965565,-12027.699319
22555.218127,-1258.350101,-9474.636058,-14785.643111
22555.218460,-962.267725,-10658.965565,-13559.890315
22555.218793,-740.205942,-8068.244768,-13023.623466
22555.219126,-1776.494261,-10288.862594,-11568.042020
22555.219459,-1480.411884,-10066.800811,-10572.117872
22555.219792,-74.020594,-12435.459826,-8656.879127
22555.220125,-1924.535449,-8364.327145,-9193.145976
22555.220458,2590.720797,-10658.965565,-6205.373534
22555.220791,6439.791695,-9474.636058,-7431.126331
22555.221124,3478.967927,-7846.182985,-7124.688131
22555.221457,5107.421000,-8142.265362,-8963.317327
22555.221790,2072.576638,-8290.306550,-12563.966167
22555.222123,-1480.411884,-10732.986159,-16624.272307
22555.222456,-3478.967927,-12065.356855,-18462.901502
22555.222789,-2442.679609,-13323.706956,-18769.339701
22555.223122,-2812.782580,-12805.562797,-16394.443657
22555.223455,-1554.432478,-11177.109724,-13636.499864
22555.223788,740.205942,-11843.295072,-9269.755526
22555.224121,296.082377,-8364.327145,-9193.145976
22555.224454,4663.297435,-9178.553681,-5592.497135
22555.224787,5255.462188,-8290.306550,-7431.126331
22555.225120,2368.659014,-5995.668130,-8580.269578
22555.225453,3182.885551,-9474.636058,-10035.851024
22555.225786,-370.102971,-9030.512492,-15858.176809
22555.226119,-3849.070898,-11177.109724,-17696.806004
22555.226451,-5033.400406,-12213.398043,-18462.901502
22555.226784,-4737.318029,-11103.089130,-17850.025103
22555.227117,-4145.153275,-12509.480420,-14096.157163
22555.227450,-1924.535449,-14211.954086,-10189.070123
22555.227783,-3552.988522,-9548.656652,-7354.516781
22555.228116,-2368.659014,-7179.997637,-4903.011187
22555.228449,2590.720797,-7994.224174,-3753.867940
22555.228782,2368.659014,-5995.668130,-3370.820191
22555.229115,3775.050304,-5255.462188,-6052.154434
22555.229448,2812.782580,-6365.771101,-8886.707777
22555.229781,-1184.329507,-8142.265362,-13176.842566
22555.230114,-4811.338623,-11843.295072,-17390.367805
22555.230447,-8364.327145,-16580.613101,-19688.654299
22555.230780,-13619.789333,-15470.304188,-18386.291952
22555.231113,-13471.748144,-16802.674883,-14096.157163
22555.231446,-11029.068536,-15396.283594,-9882.631924
22555.231779,-8364.327145,-11251.130318,-2528.115143
22555.232112,-6365.771101,-6957.935855,2604.724693
22555.232445,-3034.844362,-4441.235652,5515.887586
22555.232778,-2072.576638,-3182.885551,5056.230287
22555.233111,-4145.153275,-3034.844362,306.438199
22555.233444,-4811.338623,-6365.771101,-3677.258390
22555.233777,-10658.965565,-9548.656652,-6894.859482
22555.234110,-10732.986159,-12435.459826,-12947.013916
22555.234443,-14804.118840,-11917.315666,-15015.471761
22555.234776,-13915.871710,-11325.150913,-14325.985813
22555.235109,-10732.986159,-11843.295072,-9882.631924
22555.235442,-9696.697840,-11473.192101,-3370.820191
22555.235774,-6291.750507,-10140.821405,2145.067394
22555.236107,-666.185348,-9474.636058,10342.289223
22555.236440,0.000000,-7179.997637,14096.157163
22555.236773,-74.020594,-7105.977043,11261.603821
22555.237106,-3034.844362,-6069.688724,5515.887586
22555.237439,-6513.812290,-9474.636058,4826.401637
22555.237772,-9474.636058,-8956.491898,-1225.752797
22555.238105,-11325.150913,-9326.594869,-2834.553343
22555.238438,-14285.974681,-9696.697840,-5286.058936
22555.238771,-14211.954086,-8586.388927,-5362.668486
22555.239104,-13101.645173,-10658.965565,-2528.115143
22555.239437,-12139.377449,-8216.285956,1455.581446
22555.239770,-8660.409521,-8216.285956,4060.306139
22555.240103,-6143.709319,-8216.285956,6971.469032
22555.240436,-5329.482782,-8068.244768,6588.421283
22555.240769,-3627.009116,-10658.965565,7277.907231
22555.241102,-5625.565159,-7179.997637,2451.505594
22555.241435,-2072.576638,-10658.965565,4826.401637
22555.241768,-2146.597232,-6587.832884,612.876398
22555.242101,-5329.482782,-6143.709319,-1225.752797
22555.242434,-5995.668130,-9474.636058,-3447.429741
22555.242767,-9696.697840,-9696.697840,-4290.134789
22555.243100,-9844.739029,-11473.192101,-4060.306139
22555.243433,-9548.656652,-12583.501014,-153.219100
22555.243766,-9548.656652,-10140.821405,3064.381992
22555.244099,-6809.894666,-11103.089130,8503.660028
22555.244432,-4811.338623,-8882.471304,8503.660028
22555.244765,-5773.606348,-4811.338623,7354.516781
22555.245097,-1554.432478,-8290.306550,8503.660028
22555.245430,-7105.977043,-5403.503377,1532.190996
22555.245763,-8364.327145,-8734.430116,-3140.991542
22555.246096,-13915.871710,-10510.924376,-6588.421283
22555.246429,-15322.262999,-10955.047942,-8044.002729
22555.246762,-15100.201217,-11325.150913,-5822.325785
22555.247095,-11917.315666,-13027.624579,-4366.744339
22555.247428,-14211.954086,-9548.656652,612.876398
22555.247761,-14211.954086,-7179.997637,4290.134789
22555.248094,-7105.977043,-8660.409521,8656.879127
22555.248427,-3627.009116,-7105.977043,9729.412825
22555.248760,-4737.318029,-5995.668130,8120.612279
22555.249093,-7698.141797,-7179.997637,4060.306139
22555.249426,-11843.295072,-8660.409521,-2451.505594
22555.249759,-13693.809927,-11843.295072,-6818.249932
22555.250092,-17172.777854,-10140.821405,-11031.775171
22555.250425,-16580.613101,-9844.739029,-7277.907231
22555.250758,-14285.974681,-8734.430116,-7431.126331
22555.251091,-13693.809927,-7624.121203,-7354.516781
22555.251424,-13693.809927,-11843.295072,-1608.800546
22555.251757,-13693.809927,-9844.739029,153.219100
22555.252090,-10214.842000,-11843.295072,4213.525239
22555.252423,-7179.997637,-7550.100608,4673.182538
22555.252756,-6143.709319,-7624.121203,4596.572988
22555.253089,-6513.812290,-7920.203579,2757.943793
22555.253422,-9030.512492,-10140.821405,-2604.724693
22555.253755,-10288.862594,-10955.047942,-5056.230287
22555.254088,-11843.295072,-11843.295072,-2757.943793
22555.254420,-9548.656652,-11547.212695,-4979.620737
22555.254753,-11843.295072,-5995.668130,-3677.258390
22555.255086,-10658.965565,-6587.832884,-4290.134789
22555.255419,-10362.883188,-9178.553681,-76.609550
22555.255752,-8882.471304,-9400.615463,4290.134789
22555.256085,-2368.659014,-8586.388927,6971.469032
22555.256418,-3108.864956,-9104.533087,5439.278036
22555.256751,-5329.482782,-9844.739029,2834.553343
22555.257084,-7476.080014,-12731.542202,-2221.676944
22555.257417,-8290.306550,-13397.727550,459.657299
22555.257750,-8882.471304,-10732.986159,0.000000
22555.258083,-5995.668130,-11843.295072,-76.609550
22555.258416,-8364.327145,-4737.318029,-2528.115143
22555.258749,-9548.656652,-5329.482782,-1915.238745
22555.259082,-7772.162391,-5625.565159,1762.019645
22555.259415,-7402.059420,-5699.585753,3830.477490
22555.259748,-5255.462188,-6439.791695,4903.011187
22555.260081,-5403.503377,-6883.915261,2987.772442
22555.260414,-7476.080014,-15396.283594,2221.676944
22555.260747,-10066.800811,-13619.789333,1685.410096
22555.261080,-7772.162391,-15396.283594,-1608.800546
22555.261413,-8364.327145,-8956.491898,-1225.752797
22555.261746,-8882.471304,-7772.162391,306.438199
22555.262079,-9844.739029,-8068.244768,-1455.581446
22555.262412,-10732.986159,-8808.450710,-76.609550
22555.262745,-11177.109724,-6365.771101,229.828649
22555.263078,-9918.759623,-4885.359217,1685.410096
22555.263411,-12879.583391,-4811.338623,0.000000
22555.263743,-7698.141797,-8882.471304,-76.609550
22555.264076,-9844.739029,-11843.295072,-76.609550
22555.264409,-10658.965565,-9548.656652,0.000000
22555.264742,-8364.327145,-17172.777854,-689.485948
22555.265075,-9474.636058,-13841.851115,612.876398
22555.265408,-10732.986159,-13619.789333,306.438199
22555.265741,-11917.315666,-10288.862594,0.000000
22555.266074,-12731.542202,-8512.368333,-383.047749
22555.266407,-13619.789333,-5403.503377,1685.410096
22555.266740,-10732.986159,-2960.823768,842.705048
22555.267073,-13249.686362,-2516.700203,1225.752797
22555.267406,-10658.965565,-6587.832884,3600.648841
22555.267739,-11917.315666,-9474.636058,-689.485948
22555.268072,-11843.295072,-11325.150913,-229.828649
22555.268405,-11399.171507,-12879.583391,-3677.258390
22555.268738,-8660.409521,-14211.954086,-919.314598
22555.269071,-8216.285956,-13471.748144,-1608.800546
22555.269404,-9474.636058,-12213.398043,0.000000
22555.269737,-9844.739029,-12731.542202,-1532.190996
22555.270070,-8660.409521,-7920.203579,-76.609550
22555.270403,-9326.594869,-9326.594869,1302.362347
22555.270736,-7920.203579,-2442.679609,-612.876398
22555.271069,-10066.800811,-6587.832884,4903.011187
22555.271402,-7328.038826,-4737.318029,-76.609550
22555.271735,-5995.668130,-8290.306550,-1608.800546
22555.272068,-7402.059420,-7179.997637,0.000000
22555.272401,-5403.503377,-15100.201217,-1915.238745
22555.272734,-6809.894666,-14582.057057,0.000000
22555.273066,-4811.338623,-14211.954086,-153.219100
22555.273399,-7254.018232,-13693.809927,76.609550
22555.273732,-4737.318029,-8660.409521,1225.752797
22555.274065,-9474.636058,-9548.656652,1225.752797
22555.274398,-5403.503377,-6513.812290,-76.609550
22555.274731,-9474.636058,-4811.338623,-1915.238745
22555.275064,-7994.224174,-4959.379811,1072.533697
22555.275397,-10066.800811,-5995.668130,0.000000
22555.275730,-6217.729913,-6957.935855,-76.609550
22555.276063,-6365.771101,-7476.080014,-76.609550
22555.276396,-5699.585753,-9696.697840,1225.752797
22555.276729,-1332.370696,-9474.636058,-1302.362347
22555.277062,-4737.318029,-13693.809927,2374.896044
22555.277395,-74.020594,-14211.954086,842.705048
22555.277728,-4145.153275,-8956.491898,-1225.752797
22555.278061,-74.020594,-13545.768739,3294.210641
22555.278394,-3923.091493,-7698.141797,-229.828649
22555.278727,-4145.153275,-9104.533087,766.095498
22555.279060,-5773.606348,-8808.450710,306.438199
22555.279393,-4367.215058,-9030.512492,76.609550
22555.279726,-5699.585753,-6291.750507,0.000000
22555.280059,-1258.350101,-7698.141797,4213.525239
22555.280392,-6513.812290,-5995.668130,0.000000
22555.280725,-3552.988522,-8808.450710,2374.896044
22555.281058,-3034.844362,-11843.295072,229.828649
22555.281391,-2886.803174,-8290.306550,-612.876398
22555.281724,-4737.318029,-9548.656652,153.219100
22555.282057,-8882.471304,-10732.986159,-4290.134789
22555.282389,-7179.997637,-9770.718434,-2757.943793
22555.282722,-8882.471304,-11621.233289,-2451.505594
22555.283055,-4811.338623,-7402.059420,-4136.915689
22555.283388,-7105.977043,-7476.080014,-76.609550
22555.283721,-7476.080014,-13619.789333,-1915.238745
22555.284054,-3552.988522,-5107.421000,6741.640382
22555.284387,-2072.576638,-8956.491898,7277.907231
22555.284720,4737.318029,-3330.926739,6818.249932
22555.285053,-740.205942,-9474.636058,3907.087040
22555.285386,-1332.370696,-6809.894666,-3983.696590
22555.285719,-3552.988522,-11843.295072,-306.438199
22555.286052,-5995.668130,-11621.233289,-5975.544884
22555.286385,-2146.597232,-9030.512492,-4749.792088
22555.286718,-7328.038826,-12879.583391,-3983.696590
22555.287051,-1998.556043,-7920.203579,-4290.134789
22555.287384,-5329.482782,-9252.574275,612.876398
22555.287717,-666.185348,-9918.759623,1225.752797
22555.288050,888.247130,-2442.679609,4903.011187
22555.288383,1850.514855,-13027.624579,7277.907231
22555.288716,5699.585753,-4737.318029,0.000000
22555.289049,0.000000,-13397.727550,7048.078582
22555.289382,5107.421000,-4737.318029,153.219100
22555.289715,3182.885551,-9474.636058,1072.533697
22555.290048,2072.576638,-8512.368333,-2681.334243
22555.290381,2294.638420,-11251.130318,-4060.306139
22555.290714,-5403.503377,-11325.150913,-4903.011187
22555.291047,-1258.350101,-11843.295072,-4290.134789
22555.291380,-5551.544565,-15248.242405,-383.047749
22555.291712,-666.185348,-8734.430116,2451.505594
22555.292045,1702.473667,-10362.883188,7277.907231
22555.292378,3034.844362,-6069.688724,8350.440928
22555.292711,4219.173869,-4811.338623,7507.735880
22555.293044,4071.132681,-4663.297435,7124.688131
22555.293377,1924.535449,-3923.091493,1608.800546
22555.293710,0.000000,-3627.009116,-2451.505594
22555.294043,-3627.009116,-15396.283594,-8810.098227
22555.294376,-4441.235652,-10732.986159,-8503.660028
22555.294709,-4737.318029,-12509.480420,-5515.887586
22555.295042,-74.020594,-8660.409521,-6435.202183
22555.295375,1332.370696,-9474.636058,-1302.362347
22555.295708,-1924.535449,-9400.615463,919.314598
22555.296041,1628.453072,-11399.171507,5745.716235
22555.296374,3552.988522,-9252.574275,9959.241474
22555.296707,5255.462188,-9178.553681,9729.412825
22555.297040,5551.544565,-6809.894666,6971.469032
22555.297373,2368.659014,-4219.173869,3830.477490
22555.297706,1776.494261,-7254.018232,2374.896044
22555.298039,1702.473667,-6883.915261,-3524.039291
22555.298372,-2294.638420,-7476.080014,-9882.631924
22555.298705,-3256.906145,-14137.933492,-7737.564530
22555.299038,-4515.256246,-14211.954086,-6281.983084
22555.299371,-1480.411884,-11843.295072,-4903.011187
22555.299704,-4071.132681,-15100.201217,1072.533697
22555.300037,1924.535449,-7105.977043,1302.362347
22555.300370,0.000000,-10436.903782,10878.556072
22555.300703,3997.112087,-1480.411884,6665.030833
22555.301035,1184.329507,-4811.338623,5286.058936
22555.301368,1184.329507,-3627.009116,7660.954980
22555.301701,3478.967927,-9474.636058,2068.457845
22555.302034,2294.638420,-6291.750507,0.000000
22555.302367,1702.473667,-8290.306550,-4979.620737
22555.302700,-1554.432478,-11251.130318,-5898.935335
22555.303033,-1332.370696,-7920.203579,-8580.269578
22555.303366,-3923.091493,-14285.974681,-7048.078582
22555.303699,-2812.782580,-14063.912898,-2451.505594
22555.304032,-74.020594,-11843.295072,2374.896044
22555.304365,1776.494261,-11473.192101,11568.042020
22555.304698,4663.297435,-4145.153275,3370.820191
22555.305031,592.164754,-9844.739029,6894.859482
22555.305364,2960.823768,-4219.173869,6741.640382
22555.305697,3701.029710,-8068.244768,7354.516781
22555.306030,1702.473667,-3997.112087,689.485948
22555.306363,-2886.803174,-7179.997637,-5056.230287
22555.306696,-5255.462188,-9326.594869,-7507.735880
22555.307029,-4737.318029,-8364.327145,-8580.269578
22555.307362,-2442.679609,-14804.118840,-4673.182538
22555.307695,1110.308913,-6957.935855,-4596.572988
22555.308028,-1776.494261,-10732.986159,3677.258390
22555.308361,4663.297435,-10658.965565,3600.648841
22555.308694,4145.153275,-11325.150913,4596.572988
22555.309027,5699.585753,-12361.439231,7737.564530
22555.309359,4219.173869,-10066.800811,7431.126331
22555.309692,1998.556043,-8586.388927,3600.648841
22555.310025,-888.247130,-9252.574275,2911.162892
22555.310358,-74.020594,-4441.235652,-3983.696590
22555.310691,-1184.329507,-5699.585753,612.876398
22555.311024,-74.020594,1184.329507,-5592.497135
22555.311357,-6291.750507,-7476.080014,-8273.831378
22555.311690,-2886.803174,-11843.295072,-3140.991542
22555.312023,592.164754,-9548.656652,-3677.258390
22555.312356,1628.453072,-16284.530724,4519.963438
22555.312688,4441.235652,-9696.697840,1838.629195
22555.313021,-74.020594,-15988.448347,2987.772442
22555.313354,1924.535449,-5995.668130,1225.752797
22555.313687,2368.659014,-11399.171507,4673.182538
22555.314020,4663.297435,-11843.295072,6052.154434
22555.314353,1406.391290,-3627.009116,306.438199
22555.314686,-814.226536,-7994.224174,995.924147
22555.315019,444.123565,-1702.473667,-3600.648841
22555.315352,-1258.350101,-10510.924376,-995.924147
22555.315685,2294.638420,-3404.947333,766.095498
22555.316017,-1258.350101,-8882.471304,-1302.362347
22555.316350,2442.679609,-10214.842000,-1302.362347
22555.316683,-1406.391290,-13915.871710,-76.609550
22555.317016,0.000000,-13767.830521,-1991.848295
22555.317349,2960.823768,-14434.015869,5515.887586
22555.317682,-814.226536,-13619.789333,2987.772442
22555.318015,3775.050304,-7624.121203,766.095498
22555.318348,-2960.823768,-3627.009116,306.438199
22555.318681,4737.318029,-6661.853478,2604.724693
22555.319013,0.000000,-1480.411884,-2451.505594
22555.319346,1036.288319,-7031.956449,-995.924147
22555.319679,-1184.329507,-7920.203579,-2757.943793
22555.320012,-888.247130,-9770.718434,-842.705048
22555.320345,2886.803174,-12287.418637,2374.896044
22555.320678,0.000000,-11695.253884,-76.609550
22555.321011,74.020594,-12065.356855,-3064.381992
22555.321344,592.164754,-15100.201217,6128.763984
22555.321677,2368.659014,-11695.253884,4826.401637
22555.322010,3478.967927,-10658.965565,8733.488677
22555.322342,-2146.597232,-6365.771101,383.047749
22555.322675,1998.556043,-4737.318029,-995.924147
22555.323008,-4071.132681,-4811.338623,1225.752797
22555.323341,-2220.617826,-3627.009116,-6435.202183
22555.323674,-1554.432478,-9474.636058,-689.485948
22555.324007,-2368.659014,-5403.503377,-3370.820191
22555.324340,962.267725,-12879.583391,-689.485948
22555.324673,-74.020594,-11251.130318,842.705048
22555.325006,444.123565,-11843.295072,-1915.238745
22555.325339,-296.082377,-16136.489536,6205.373534
22555.325671,6143.709319,-8734.430116,6665.030833
22555.326004,1332.370696,-9474.636058,6741.640382
22555.326337,2960.823768,-4367.215058,2604.724693
22555.326670,-74.020594,-5477.523971,-2068.457845
22555.327003,-370.102971,-7698.141797,1225.752797
22555.327336,2294.638420,-8882.471304,-1608.800546
22555.327669,-3404.947333,-8068.244768,-5515.887586
22555.328002,-1776.494261,-7772.162391,-4290.134789
22555.328335,1702.473667,-10955.047942,-689.485948
22555.328668,444.123565,-12435.459826,1072.533697
22555.329000,2146.597232,-11103.089130,2221.676944
22555.329333,5255.462188,-11843.295072,2987.772442
22555.329666,592.164754,-11917.315666,7967.393179
22555.329999,4367.215058,-5921.647536,2068.457845
22555.330332,-2368.659014,-9548.656652,0.000000
22555.330665,1184.329507,-5995.668130,2221.676944
22555.330998,1406.391290,-8586.388927,-1685.410096
22555.331331,-3256.906145,-10881.027347,-2681.334243
22555.331664,-518.144159,-5773.606348,-995.924147
22555.331996,-5329.482782,-8364.327145,-6358.592633
22555.332329,5255.462188,-9474.636058,2987.772442
22555.332662,-1776.494261,-8956.491898,2068.457845
22555.332995,3182.885551,-10436.903782,2681.334243
22555.333328,1110.308913,-12879.583391,3983.696590
22555.333661,3108.864956,-11325.150913,3217.601092
22555.333994,2294.638420,-10658.965565,4826.401637
22555.334327,592.164754,-5995.668130,612.876398
22555.334660,-2368.659014,-10732.986159,1762.019645
22555.334993,-2442.679609,-7624.121203,-1225.752797
22555.335325,-1184.329507,-7476.080014,-1225.752797
22555.335658,-2738.761985,-10362.883188,-2528.115143
22555.335991,0.000000,-5477.523971,0.000000
22555.336324,-2960.823768,-8364.327145,1378.971896
22555.336657,5847.626942,-5033.400406,4749.792088
22555.336990,-666.185348,-9548.656652,3677.258390
22555.337323,2368.659014,-7179.997637,3447.429741
22555.337656,-74.020594,-8882.471304,2068.457845
22555.337989,-1258.350101,-10658.965565,-6052.154434
22555.338322,-4145.153275,-14582.057057,-1991.848295
22555.338654,-2442.679609,-9918.759623,-5056.230287
22555.338987,-1258.350101,-10214.842000,-4749.792088
22555.339320,-2294.638420,-11177.109724,229.828649
22555.339653,3552.988522,-5181.441594,1838.629195
22555.339986,592.164754,-6291.750507,3983.696590
22555.340319,4737.318029,-4811.338623,9422.974625
22555.340652,4367.215058,-4515.256246,1991.848295
22555.340985,1776.494261,-12509.480420,1225.752797
22555.341318,7994.224174,-11843.295072,7890.783629
22555.341651,0.000000,-8364.327145,2451.505594
22555.341983,814.226536,-8364.327145,-2604.724693
22555.342316,-1406.391290,-9844.739029,-6741.640382
22555.342649,-7328.038826,-16876.695478,-6052.154434
22555.342982,-2442.679609,-11251.130318,-4366.744339
22555.343315,-5995.668130,-14211.954086,-1915.238745
22555.343648,-3034.844362,-7698.141797,-1685.410096
22555.343981,1184.329507,-4367.215058,8427.050478
22555.344314,6217.729913,-3923.091493,9116.536426
22555.344647,8808.450710,-2368.659014,8963.317327
22555.344979,4145.153275,-8586.388927,6128.763984
22555.345312,6439.791695,-5699.585753,3064.381992
22555.345645,-740.205942,-12213.398043,-2221.676944
22555.345978,0.000000,-15618.345376,-7354.516781
22555.346311,-3627.009116,-14063.912898,-4903.011187
22555.346644,-2960.823768,-12509.480420,-4903.011187
22555.346977,592.164754,-9474.636058,-383.047749
22555.347310,-1850.514855,-9918.759623,2374.896044
22555.347643,-1258.350101,-5329.482782,-689.485948
22555.347976,-3330.926739,-8660.409521,3983.696590
22555.348308,1702.473667,-6217.729913,5745.716235
22555.348641,2812.782580,-6217.729913,6358.592633
22555.348974,3552.988522,-6587.832884,5515.887586
22555.349307,-740.205942,-8660.409521,-919.314598
22555.349640,518.144159,-9696.697840,-1838.629195
22555.349973,4441.235652,-7254.018232,-76.609550
22555.350306,1850.514855,-11547.212695,-4060.306139
22555.350639,-1628.453072,-10288.862594,-8963.317327
22555.350972,-2442.679609,-17764.942608,-3753.867940
22555.351305,-3330.926739,-11399.171507,-2451.505594
22555.351637,1184.329507,-9548.656652,2451.505594
22555.351970,6439.791695,-9474.636058,9729.412825
22555.352303,0.000000,-2442.679609,4366.744339
22555.352636,1702.473667,-5403.503377,3294.210641
22555.352969,1036.288319,-8808.450710,4213.525239
22555.353302,0.000000,-9622.677246,2911.162892
22555.353635,4145.153275,-7031.956449,3677.258390
22555.353968,-1406.391290,-7476.080014,-4290.134789
22555.354301,-4737.318029,-11325.150913,-3677.258390
22555.354634,-370.102971,-9474.636058,-4979.620737
22555.354966,-370.102971,-9400.615463,-6358.592633
22555.355299,1776.494261,-9474.636058,-1915.238745
22555.355632,-2738.761985,-12287.418637,-1685.410096
22555.355965,-2812.782580,-11103.089130,0.000000
22555.356298,1554.432478,-11029.068536,4596.572988
22555.356631,5551.544565,-11251.130318,7277.907231
22555.356964,2960.823768,-3034.844362,10418.898773
22555.357297,814.226536,-8882.471304,7277.907231
22555.357630,2886.803174,-3552.988522,1991.848295
22555.357963,0.000000,-6587.832884,1225.752797
22555.358295,1110.308913,-8290.306550,-1532.190996
22555.358628,1406.391290,-3627.009116,-5439.278036
22555.358961,-8068.244768,-16580.613101,-8044.002729
22555.359294,-3701.029710,-11251.130318,-7507.735880
22555.359627,-3552.988522,-11917.315666,-4136.915689
22555.359960,1184.329507,-9548.656652,2757.943793
22555.360293,7920.203579,-7698.141797,4826.401637
22555.360626,-666.185348,-11843.295072,-76.609550
22555.360959,592.164754,-7476.080014,3064.381992
22555.361291,3775.050304,-11547.212695,6741.640382
22555.361624,6957.935855,-6661.853478,5209.449386
22555.361957,1924.535449,-5995.668130,6052.154434
22555.362290,-2664.741391,-7994.224174,-4749.792088
22555.362623,-3552.988522,-7179.997637,-5132.839837
22555.362956,-3849.070898,-9844.739029,-2834.553343
22555.363289,-666.185348,-7772.162391,-4443.353888
22555.363622,-2146.597232,-7698.141797,-1455.581446
22555.363955,-1258.350101,-13619.789333,-3140.991542
22555.364288,-1258.350101,-13027.624579,1302.362347
22555.364620,148.041188,-8364.327145,5515.887586
22555.364953,7624.121203,-11843.295072,9422.974625
22555.365286,3478.967927,-7328.038826,6511.811733
22555.365619,3552.988522,-8956.491898,4903.011187
22555.365952,-370.102971,-9104.533087,1302.362347
22555.366285,962.267725,-6587.832884,0.000000
22555.366618,-74.020594,-9104.533087,-4060.306139
22555.366951,-5773.606348,-10066.800811,-3447.429741
22555.367284,-2590.720797,-5847.626942,-4060.306139
22555.367617,-6513.812290,-8364.327145,-689.485948
22555.367949,-1258.350101,-7994.224174,-1302.362347
22555.368282,-666.185348,-12435.459826,1149.143247
22555.368615,5699.585753,-6217.729913,3294.210641
22555.368948,5033.400406,-9696.697840,6741.640382
22555.369281,4071.132681,-8956.491898,2298.286494
22555.369614,3478.967927,-10066.800811,842.705048
22555.369947,-2960.823768,-15470.304188,-2451.505594
22555.370280,2886.803174,-11769.274478,-3524.039291
22555.370613,-1332.370696,-12435.459826,-76.609550
22555.370946,-74.020594,-1850.514855,-4290.134789
22555.371278,1480.411884,-3627.009116,-1838.629195
22555.371611,-4589.276840,-8956.491898,306.438199
22555.371944,0.000000,-3182.885551,-1149.143247
22555.372277,-2812.782580,-12213.398043,-76.609550
22555.372610,4589.276840,-9030.512492,3370.820191
22555.372943,2886.803174,-12435.459826,2374.896044
22555.373276,0.000000,-8660.409521,1225.752797
22555.373609,2294.638420,-11547.212695,-1302.362347
22555.373942,-370.102971,-9548.656652,-2451.505594
22555.374274,2960.823768,-9474.636058,1608.800546
22555.374607,-74.020594,-10658.965565,-689.485948
22555.374940,-74.020594,-7402.059420,-1608.800546
22555.375273,-888.247130,-7402.059420,689.485948
22555.375606,-1480.411884,-7698.141797,306.438199
22555.375939,1776.494261,-5403.503377,3447.429741
22555.376272,3108.864956,-10807.006753,7277.907231
22555.376605,2294.638420,-7179.997637,3064.381992
22555.376938,592.164754,-9474.636058,3370.820191
22555.377271,-74.020594,-14211.954086,-2528.115143
22555.377603,-1554.432478,-8586.388927,995.924147
22555.377936,2886.803174,-9474.636058,-689.485948
22555.378269,0.000000,-9548.656652,-459.657299
22555.378602,-1406.391290,-9178.553681,-3600.648841
22555.378935,-3478.967927,-8956.491898,-2757.943793
22555.379268,1554.432478,-10510.924376,-76.609550
22555.379601,3404.947333,-7105.977043,2298.286494
22555.379934,-814.226536,-7254.018232,76.609550
22555.380267,2368.659014,-9844.739029,2834.553343
22555.380600,1998.556043,-7772.162391,1532.190996
22555.380932,1776.494261,-13101.645173,4749.792088
22555.381265,4071.132681,-8290.306550,2374.896044
22555.381598,-2368.659014,-9548.656652,1532.190996
22555.381931,-666.185348,-11695.253884,-459.657299
22555.382264,-74.020594,-8290.306550,0.000000
22555.382597,-1776.494261,-3552.988522,-2604.724693
22555.382930,0.000000,-5255.462188,-8350.440928
22555.383263,-3034.844362,-12879.583391,-1302.362347
22555.383596,-3256.906145,-6587.832884,-4903.011187
22555.383929,-4441.235652,-17764.942608,-76.609550
22555.384261,1702.473667,-9548.656652,1225.752797
22555.384594,0.000000,-7476.080014,2451.505594
22555.384927,4737.318029,-9030.512492,8503.660028
22555.385260,3775.050304,-5107.421000,2451.505594
22555.385593,2294.638420,-13027.624579,6511.811733
22555.385926,3478.967927,-4367.215058,4903.011187
22555.386259,-666.185348,-9104.533087,-842.705048
22555.386592,1702.473667,-8290.306550,-1302.362347
22555.386925,-74.020594,-11843.295072,-3140.991542
22555.387257,0.000000,-9548.656652,-2451.505594
22555.387590,-1776.494261,-11103.089130,1762.019645
22555.387923,-666.185348,-8290.306550,-4979.620737
22555.388256,-1554.432478,-11325.150913,2374.896044
22555.388589,-1480.411884,-9548.656652,-1532.190996
22555.388922,-2442.679609,-14804.118840,2221.676944
22555.389255,5995.668130,-2960.823768,6511.811733
22555.389588,2368.659014,-9548.656652,5362.668486
22555.389921,5255.462188,-5329.482782,4596.572988
22555.390254,0.000000,-7179.997637,3064.381992
22555.390586,2294.638420,-11251.130318,-1302.362347
22555.390919,2590.720797,-4737.318029,-1608.800546
22555.391252,-3256.906145,-10658.965565,-6205.373534
22555.391585,-74.020594,-9770.718434,-3753.867940
22555.391918,-6661.853478,-14285.974681,-4749.792088
22555.392251,148.041188,-12509.480420,2604.724693
22555.392584,4737.318029,-4367.215058,2145.067394
22555.392917,1184.329507,-8364.327145,612.876398
22555.393250,4071.132681,-9474.636058,6665.030833
22555.393583,-74.020594,-10658.965565,842.705048
22555.393915,3552.988522,-12287.418637,7890.783629
22555.394248,1998.556043,-5181.441594,1762.019645
22555.394581,1184.329507,-5995.668130,-1532.190996
22555.394914,-1850.514855,-5847.626942,-3140.991542
22555.395247,-2960.823768,-9770.718434,-6818.249932
22555.395580,-1480.411884,-11843.295072,-612.876398
22555.395913,-2072.576638,-9030.512492,-1072.533697
22555.396246,-592.164754,-9918.759623,-1455.581446
22555.396579,-1110.308913,-11029.068536,1685.410096
22555.396912,3923.091493,-11103.089130,1532.190996
22555.397244,3552.988522,-13989.892304,7660.954980
22555.397577,6661.853478,-2442.679609,6128.763984
22555.397910,1184.329507,-7920.203579,3907.087040
22555.398243,-74.020594,-7698.141797,1149.143247
22555.398576,-4811.338623,-6513.812290,-6665.030833
22555.398909,-2220.617826,-13471.748144,-1302.362347
22555.399242,-1850.514855,-7698.141797,459.657299
22555.399575,-4885.359217,-8956.491898,-5822.325785
22555.399908,-3256.906145,-8882.471304,153.219100
22555.400241,-2442.679609,-11843.295072,-1302.362347
22555.400573,4737.318029,-6291.750507,3983.696590
22555.400906,1184.329507,-8364.327145,6588.421283
22555.401239,4663.297435,-7994.224174,536.266849
22555.401572,0.000000,-9548.656652,3064.381992
22555.401905,2294.638420,-11843.295072,2987.772442
22555.402238,-444.123565,-9030.512492,995.924147
22555.402571,-6217.729913,-10066.800811,-7431.126331
22555.402904,222.061783,-13175.665768,-3140.991542
22555.403237,-3034.844362,-6291.750507,0.000000
22555.403569,0.000000,-8956.491898,3294.210641
22555.403902,1702.473667,-4145.153275,1762.019645
22555.404235,-2738.761985,-7179.997637,0.000000
22555.404568,8216.285956,-8882.471304,7890.783629
22555.404901,2368.659014,-8438.347739,5515.887586
22555.405234,4515.256246,-8438.347739,-842.705048
22555.405567,2886.803174,-8956.491898,3370.820191
22555.405900,-370.102971,-13841.851115,-1302.362347
22555.406233,1184.329507,-10584.944971,-919.314598
22555.406566,-666.185348,-15396.283594,-3140.991542
22555.406898,-2738.761985,-12509.480420,-4903.011187
22555.407231,-1184.329507,-5477.523971,4826.401637
22555.407564,3478.967927,-7105.977043,-76.609550
22555.407897,0.000000,-4811.338623,4290.134789
22555.408230,1554.432478,-4145.153275,4290.134789
22555.408563,3256.906145,-7105.977043,842.705048
22555.408896,2812.782580,-10584.944971,4366.744339
22555.409229,2516.700203,-7846.182985,-2451.505594
22555.409562,2294.638420,-12953.603985,-2528.115143
22555.409895,4071.132681,-11547.212695,0.000000
22555.410228,-148.041188,-15988.448347,-3907.087040
22555.410561,814.226536,-9178.553681,-3753.867940
22555.410894,-2442.679609,-11029.068536,-2451.505594
22555.411226,888.247130,-8956.491898,1608.800546
22555.411559,2886.803174,-7698.141797,6052.154434
22555.411892,1110.308913,-7254.018232,2145.067394
22555.412225,2590.720797,-5921.647536,1149.143247
22555.412558,2664.741391,-9252.574275,4903.011187
22555.412891,2294.638420,-9474.636058,4519.963438
22555.413224,-3552.988522,-8956.491898,-766.095498
22555.413557,-1184.329507,-8956.491898,-3064.381992
22555.413890,-3923.091493,-10955.047942,-7354.516781
22555.414223,-592.164754,-13027.624579,-76.609550
22555.414556,-2738.761985,-8068.244768,-3677.258390
22555.414889,-4737.318029,-10732.986159,612.876398
22555.415222,148.041188,-4811.338623,1225.752797
22555.415555,740.205942,-8660.409521,3600.648841
22555.415888,1702.473667,-7550.100608,3217.601092
22555.416221,-1258.350101,-8660.409521,1225.752797
22555.416553,1702.473667,-12731.542202,2987.772442
22555.416886,0.000000,-9548.656652,2451.505594
22555.417219,1110.308913,-10658.965565,-689.485948
22555.417552,0.000000,-8512.368333,2374.896044
22555.417885,-74.020594,-6809.894666,-2528.115143
22555.418218,1110.308913,-6957.935855,3294.210641
22555.418551,-296.082377,-5921.647536,-1608.800546
22555.418884,-888.247130,-8364.327145,0.000000
22555.419217,-1036.288319,-7402.059420,-3140.991542
22555.419550,-444.123565,-10658.965565,-3294.210641
22555.419883,-2368.659014,-13101.645173,1149.143247
22555.420216,1332.370696,-9548.656652,0.000000
22555.420549,0.000000,-11325.150913,3064.381992
22555.420882,6439.791695,-11251.130318,1149.143247
22555.421215,2886.803174,-7846.182985,2145.067394
22555.421548,2516.700203,-11251.130318,2068.457845
22555.421880,4293.194464,-4515.256246,3370.820191
22555.422213,-1036.288319,-8364.327145,153.219100
22555.422546,2072.576638,-7179.997637,-1685.410096
22555.422879,-962.267725,-11843.295072,-76.609550
22555.423212,-2368.659014,-5995.668130,0.000000
22555.423545,2294.638420,-5625.565159,-76.609550
22555.423878,-74.020594,-8142.265362,-6128.763984
22555.424211,0.000000,-10140.821405,0.000000
22555.424544,-3182.885551,-14359.995275,-2298.286494
22555.424877,4663.297435,-11917.315666,3140.991542
22555.425210,-1184.329507,-14508.036463,3753.867940
22555.425543,6439.791695,-5625.565159,4213.525239
22555.425876,2294.638420,-7994.224174,3600.648841
22555.426209,2516.700203,-3256.906145,919.314598
22555.426542,1110.308913,-8068.244768,1608.800546
22555.426875,-2368.659014,-7994.224174,536.266849
22555.427208,-1776.494261,-5107.421000,-1532.190996
22555.427540,-3627.009116,-9178.553681,-3753.867940
22555.427873,0.000000,-10732.986159,-7354.516781
22555.428206,1480.411884,-15322.262999,4826.401637
22555.428539,4663.297435,-7698.141797,3064.381992
22555.428872,0.000000,-7179.997637,1838.629195
22555.429205,-1850.514855,-10510.924376,-842.705048
22555.429538,-2368.659014,-8956.491898,-4519.963438
22555.429871,-1850.514855,-16284.530724,5286.058936
22555.430204,5847.626942,-5329.482782,1608.800546
22555.430537,-74.020594,-10658.965565,2374.896044
22555.430870,-7105.977043,-6291.750507,-2451.505594
22555.431203,-222.061783,-7105.977043,-76.609550
22555.431536,-2590.720797,-9400.615463,-3294.210641
22555.431869,9474.636058,-3034.844362,4366.744339
22555.432202,-1998.556043,-12213.398043,2298.286494
22555.432535,5995.668130,-8068.244768,-1072.533697
22555.432867,-4441.235652,-18875.251521,1072.533697
22555.433200,1332.370696,-10732.986159,-995.924147
22555.433533,6439.791695,-9030.512492,0.000000
22555.433866,0.000000,-13249.686362,4213.525239
22555.434199,2294.638420,-4145.153275,383.047749
22555.434532,-7179.997637,-6439.791695,-7354.516781
22555.434865,518.144159,-9474.636058,2374.896044
22555.435198,-4145.153275,-3849.070898,536.266849
22555.435531,-2368.659014,-9918.759623,-766.095498
22555.435864,-1110.308913,-5847.626942,0.000000
22555.436197,-2960.823768,-12805.562797,-2298.286494
22555.436530,3404.947333,-8364.327145,3064.381992
22555.436863,3552.988522,-9104.533087,6511.811733
22555.437196,2294.638420,-11843.295072,-1608.800546
22555.437529,2368.659014,-10732.986159,1838.629195
22555.437862,2664.741391,-11029.068536,1838.629195
22555.438194,5847.626942,-8142.265362,536.266849
22555.438527,2368.659014,-6883.915261,2451.505594
22555.438860,-4071.132681,-8364.327145,-2834.553343
22555.439193,-3034.844362,-6513.812290,-3140.991542
22555.439526,0.000000,-10510.924376,536.266849
22555.439859,-666.185348,-9326.594869,0.000000
22555.440192,0.000000,-2442.679609,-2451.505594
22555.440525,1110.308913,-11843.295072,2068.457845
22555.440858,-2368.659014,-12805.562797,0.000000
22555.441191,2738.761985,-10658.965565,2681.334243
22555.441524,1184.329507,-12435.459826,3907.087040
22555.441857,4219.173869,-5033.400406,0.000000
22555.442190,814.226536,-9178.553681,-76.609550
22555.442523,3701.029710,-9844.739029,-1302.362347
22555.442856,148.041188,-11473.192101,4749.792088
22555.443189,1998.556043,-2442.679609,-2374.896044
22555.443522,-1036.288319,-10658.965565,-1149.143247
22555.443854,1702.473667,-7994.224174,-1302.362347
22555.444187,-2960.823768,-11325.150913,0.000000
22555.444520,1702.473667,-12879.583391,5745.716235
22555.444853,3256.906145,-7179.997637,2451.505594
22555.445186,0.000000,-7772.162391,3830.477490
22555.445519,1110.308913,-11843.295072,1149.143247
22555.445852,-4071.132681,-7105.977043,-1149.143247
22555.446185,-1554.432478,-9474.636058,-4596.572988
22555.446518,-1924.535449,-11917.315666,612.876398
22555.446851,-3923.091493,-4219.173869,-3907.087040
22555.447184,-3849.070898,-10658.965565,-2528.115143
22555.447517,1110.308913,-9474.636058,1149.143247
22555.447850,2960.823768,-3627.009116,1532.190996
22555.448183,6069.688724,-11547.212695,9729.412825
22555.448516,814.226536,-4811.338623,0.000000
22555.448849,-2442.679609,-15100.201217,-4366.744339
22555.449181,444.123565,-15396.283594,2068.457845
22555.449514,3404.947333,-14804.118840,6511.811733
22555.449847,2960.823768,-6735.874072,5515.887586
22555.450180,1110.308913,-8290.306550,-76.609550
22555.450513,-5995.668130,-10140.821405,-3064.381992
22555.450846,-1998.556043,-1554.432478,-4903.011187
22555.451179,740.205942,-11547.212695,4519.963438
22555.451512,0.000000,-5477.523971,2604.724693
22555.451845,-2960.823768,-6217.729913,-995.924147
22555.452178,-3552.988522,-11473.192101,-1149.143247
22555.452511,2590.720797,-7105.977043,1685.410096
22555.452844,4367.215058,-10362.883188,1762.019645
22555.453177,4959.379811,-8882.471304,-995.924147
22555.453510,-4145.153275,-16654.633695,153.219100
22555.453843,-962.267725,-11843.295072,-2528.115143
22555.454176,1110.308913,-12435.459826,2068.457845
22555.454508,2368.659014,-7772.162391,2145.067394
22555.454841,2886.803174,-5625.565159,2145.067394
22555.455174,-4441.235652,-7550.100608,536.266849
22555.455507,148.041188,-4589.276840,-1302.362347
22555.455840,-962.267725,-7105.977043,2374.896044
22555.456173,2664.741391,-4885.359217,612.876398
22555.456506,1924.535449,-7994.224174,1762.019645
22555.456839,1036.288319,-10658.965565,1149.143247
22555.457172,-2368.659014,-14285.974681,0.000000
22555.457505,1184.329507,-12509.480420,2834.553343
22555.457838,4663.297435,-11843.295072,842.705048
22555.458171,0.000000,-7179.997637,-3677.258390
22555.458504,592.164754,-7179.997637,-766.095498
22555.458837,-4145.153275,-9548.656652,-3600.648841
22555.459170,-1332.370696,-7920.203579,0.000000
22555.459503,222.061783,-8290.306550,2834.553343
22555.459835,-1036.288319,-6513.812290,842.705048
22555.460168,1554.432478,-6513.812290,2834.553343
22555.460501,-962.267725,-9844.739029,4979.620737
22555.460834,5847.626942,-2368.659014,459.657299
22555.461167,0.000000,-12805.562797,3600.648841
22555.461500,7031.956449,-9474.636058,2987.772442
22555.461833,-2368.659014,-15766.386565,612.876398
22555.462166,1924.535449,-8882.471304,-1302.362347
22555.462499,814.226536,-10732.986159,76.609550
22555.462832,-666.185348,-8512.368333,-2834.553343
22555.463165,74.020594,-6809.894666,-995.924147
22555.463498,-7698.141797,-8956.491898,-4213.525239
22555.463831,0.000000,-4811.338623,-4903.011187
22555.464164,0.000000,-13693.809927,6971.469032
22555.464497,5847.626942,-6957.935855,1149.143247
22555.464830,814.226536,-9326.594869,6665.030833
22555.465163,-74.020594,-7994.224174,536.266849
22555.465495,1406.391290,-11843.295072,2528.115143
22555.465828,2368.659014,-11399.171507,5669.106685
22555.466161,2294.638420,-8586.388927,689.485948
22555.466494,-1258.350101,-9474.636058,-1302.362347
22555.466827,-3552.988522,-6587.832884,-2911.162892
22555.467160,-4145.153275,-9548.656652,-459.657299
22555.467493,-74.020594,-8586.388927,1149.143247
22555.467826,-2072.576638,-3627.009116,-4903.011187
22555.468159,-4811.338623,-12065.356855,-4213.525239
22555.468492,962.267725,-7920.203579,0.000000
22555.468825,2590.720797,-12435.459826,4519.963438
22555.469158,8142.265362,-8808.450710,9193.145976
22555.469491,1850.514855,-9548.656652,1532.190996
22555.469824,3256.906145,-11843.295072,3600.648841
22555.470157,962.267725,-9844.739029,-919.314598
22555.470490,-4441.235652,-5995.668130,1225.752797
22555.470822,2368.659014,-4811.338623,-2145.067394
22555.471155,-3182.885551,-10732.986159,-919.314598
22555.471488,-1776.494261,-5033.400406,-2911.162892
22555.471821,-4367.215058,-10214.842000,-3600.648841
22555.472154,2146.597232,-8142.265362,2987.772442
22555.472487,4885.359217,-6587.832884,1838.629195
22555.472820,6365.771101,-8734.430116,5515.887586
22555.473153,814.226536,-10436.903782,536.266849
22555.473486,-814.226536,-14063.912898,-2374.896044
22555.473819,2146.597232,-15692.365970,3600.648841
22555.474152,4071.132681,-10436.903782,2451.505594
22555.474485,888.247130,-6291.750507,0.000000
22555.474818,-2886.803174,-10658.965565,-2528.115143
22555.475151,-2442.679609,-6661.853478,-1532.190996
22555.475484,-4737.318029,-7179.997637,1225.752797
22555.475817,2664.741391,-6217.729913,4136.915689
22555.476149,-2590.720797,-5995.668130,-1225.752797
22555.476482,0.000000,-8216.285956,1915.238745
22555.476815,2590.720797,-9474.636058,3907.087040
22555.477148,4663.297435,-8290.306550,2145.067394
22555.477481,592.164754,-8586.388927,2374.896044
22555.477814,3478.967927,-13027.624579,-4979.620737
22555.478147,-2442.679609,-16950.716072,-4903.011187
22555.478480,-3627.009116,-15396.283594,-3140.991542
22555.478813,-592.164754,-11029.068536,-1225.752797
22555.479146,-1554.432478,-10362.883188,1762.019645
22555.479479,-1406.391290,-4885.359217,0.000000
22555.479812,-1184.329507,-4367.215058,1838.629195
22555.480145,962.267725,-5551.544565,0.000000
22555.480478,7624.121203,-7105.977043,7277.907231
22555.480811,2220.617826,-8068.244768,9193.145976
22555.481144,4737.318029,-5995.668130,6052.154434
22555.481477,-1110.308913,-12213.398043,-1378.971896
22555.481809,2886.803174,-11843.295072,-76.609550
22555.482142,-444.123565,-11769.274478,459.657299
22555.482475,-1258.350101,-7031.956449,-8273.831378
22555.482808,-5995.668130,-13027.624579,-9882.631924
22555.483141,-7105.977043,-10140.821405,-7507.735880
22555.483474,-1258.350101,-13619.789333,-1608.800546
22555.483807,2146.597232,-7179.997637,2757.943793
22555.484140,5551.544565,-10510.924376,10265.679673
22555.484473,4663.297435,-2368.659014,6971.469032
22555.484806,3701.029710,-7179.997637,4903.011187
22555.485139,6735.874072,-5847.626942,5286.058936
22555.485472,5847.626942,-11695.253884,4213.525239
22555.485805,4737.318029,-9844.739029,2757.943793
22555.486138,-74.020594,-13619.789333,-3140.991542
22555.486471,-4145.153275,-11029.068536,-7048.078582
22555.486804,-3552.988522,-9548.656652,-1225.752797
22555.487136,-74.020594,-8882.471304,-4979.620737
22555.487469,1110.308913,-6365.771101,1149.143247
22555.487802,-4885.359217,-5625.565159,-4903.011187
22555.488135,-4885.359217,-11843.295072,-3447.429741
22555.488468,-74.020594,-8290.306550,4826.401637
22555.488801,3552.988522,-9548.656652,6128.763984
22555.489134,7920.203579,-6809.894666,7124.688131
22555.489467,2590.720797,-9474.636058,2987.772442
22555.489800,740.205942,-14137.933492,-612.876398
22555.490133,-888.247130,-7994.224174,-1072.533697
22555.490466,296.082377,-10732.986159,-2451.505594
22555.490799,-148.041188,-7105.977043,-76.609550
22555.491132,-3034.844362,-12435.459826,-5898.935335
22555.491465,-3552.988522,-8364.327145,0.000000
22555.491798,4293.194464,-6217.729913,4826.401637
22555.492131,370.102971,-7179.997637,7354.516781
22555.492463,1258.350101,-2664.741391,4060.306139
22555.492796,-2368.659014,-6883.915261,-2681.334243
22555.493129,-888.247130,-14434.015869,1608.800546
22555.493462,1184.329507,-8956.491898,0.000000
22555.493795,2294.638420,-18949.272115,2374.896044
22555.494128,0.000000,-5995.668130,-4903.011187
22555.494461,-2368.659014,-10584.944971,-2987.772442
22555.494794,-2738.761985,-8882.471304,-4979.620737
22555.495127,0.000000,-5403.503377,0.000000
22555.495460,-2220.617826,-9252.574275,689.485948
22555.495793,3182.885551,-2664.741391,-383.047749
22555.496126,-1332.370696,-12509.480420,5669.106685
22555.496459,5847.626942,-6809.894666,4826.401637
22555.496792,7031.956449,-11547.212695,6052.154434
22555.497125,4737.318029,-10066.800811,4826.401637
22555.497458,-74.020594,-10658.965565,-1608.800546
22555.497791,-4663.297435,-7920.203579,-5822.325785
22555.498123,-370.102971,-14211.954086,-4366.744339
22555.498456,-888.247130,-13989.892304,842.705048
22555.498789,222.061783,-10288.862594,-842.705048
22555.499122,-962.267725,-5995.668130,-2068.457845
22555.499455,-3552.988522,-6587.832884,-3600.648841
22555.499788,-1184.329507,-4811.338623,0.000000
22555.500121,888.247130,-11177.109724,6665.030833
22555.500454,5847.626942,-6513.812290,3600.648841
22555.500787,2590.720797,-7179.997637,2451.505594
22555.501120,5995.668130,-11547.212695,5362.668486
22555.501453,5773.606348,-8364.327145,4136.915689
22555.501786,5181.441594,-8956.491898,2911.162892
22555.502119,296.082377,-14359.995275,-76.609550
22555.502452,-1776.494261,-4811.338623,-5515.887586
22555.502785,-5921.647536,-14582.057057,-5975.544884
22555.503118,-74.020594,-4737.318029,-3753.867940
22555.503450,-2516.700203,-10066.800811,1378.971896
22555.503783,-74.020594,-7402.059420,-383.047749
22555.504116,-1850.514855,-9474.636058,1149.143247
22555.504449,-4811.338623,-9696.697840,-6588.421283
22555.504782,3552.988522,-6291.750507,4903.011187
22555.505115,-296.082377,-13323.706956,6052.154434
22555.505448,6661.853478,-5699.585753,3677.258390
22555.505781,444.123565,-12139.377449,2068.457845
22555.506114,6143.709319,-10066.800811,3677.258390
22555.506447,4293.194464,-7105.977043,995.924147
22555.506780,2886.803174,-9474.636058,-689.485948
22555.507113,-3552.988522,-7772.162391,-4903.011187
22555.507446,-10658.965565,-7476.080014,-6741.640382
22555.507779,-1850.514855,-11843.295072,-3753.867940
22555.508112,-4219.173869,-12435.459826,-3753.867940
22555.508445,1702.473667,-9548.656652,3600.648841
22555.508778,-814.226536,-8586.388927,3294.210641
22555.509110,-444.123565,-10732.986159,4519.963438
22555.509443,-1184.329507,-6143.709319,3370.820191
22555.509776,3775.050304,-8882.471304,3753.867940
22555.510109,4663.297435,-9178.553681,6665.030833
22555.510442,592.164754,-6291.750507,2451.505594
22555.510775,-74.020594,-11843.295072,-2528.115143
22555.511108,-3849.070898,-8956.491898,-3677.258390
22555.511441,0.000000,-8660.409521,-1225.752797
22555.511774,-74.020594,-9030.512492,-3140.991542
22555.512107,-74.020594,-9474.636058,-3753.867940
22555.512440,-4589.276840,-12805.562797,-2374.896044
22555.512773,222.061783,-11251.130318,2068.457845
22555.513106,3552.988522,-5107.421000,7890.783629
22555.513439,7031.956449,-7105.977043,2987.772442
22555.513772,2294.638420,-7698.141797,3677.258390
22555.514105,-1480.411884,-4811.338623,-2834.553343
22555.514438,2294.638420,-14211.954086,-76.609550
22555.514771,0.000000,-6587.832884,-2451.505594
22555.515104,-74.020594,-11547.212695,-2528.115143
22555.515437,-1406.391290,-4293.194464,-3140.991542
22555.515770,814.226536,-11991.336260,-4443.353888
22555.516103,0.000000,-7476.080014,306.438199
22555.516436,4663.297435,-14211.954086,-76.609550
22555.516769,1554.432478,-7772.162391,2451.505594
22555.517102,0.000000,-6587.832884,1225.752797
22555.517435,3478.967927,-15396.283594,1762.019645
22555.517768,4737.318029,-8956.491898,7967.393179
22555.518101,2738.761985,-9474.636058,3294.210641
22555.518434,2072.576638,-7846.182985,3677.258390
22555.518767,-3849.070898,-7476.080014,-4596.572988
22555.519100,-5921.647536,-9548.656652,-4290.134789
22555.519433,-6809.894666,-4811.338623,-5975.544884
22555.519766,-2738.761985,-10066.800811,-2911.162892
22555.520099,-3552.988522,-7624.121203,-919.314598
22555.520432,-2146.597232,-8586.388927,-1149.143247
22555.520765,296.082377,-7328.038826,3677.258390
22555.521097,4737.318029,-7698.141797,7277.907231
22555.521430,4071.132681,-9622.677246,3064.381992
22555.521763,3552.988522,-9844.739029,4673.182538
22555.522096,1110.308913,-13619.789333,-2528.115143
22555.522429,0.000000,-12509.480420,689.485948
22555.522762,888.247130,-9548.656652,76.609550
22555.523095,-222.061783,-10658.965565,-689.485948
22555.523428,-4145.153275,-8364.327145,0.000000
22555.523761,-7105.977043,-1850.514855,-3677.258390
22555.524094,-4811.338623,-7105.977043,-3753.867940
22555.524427,-3330.926739,-4737.318029,-3753.867940
22555.524760,148.041188,-7920.203579,6435.202183
22555.525093,-2368.659014,-6587.832884,2068.457845
22555.525426,4959.379811,-8068.244768,3600.648841
22555.525759,1480.411884,-14285.974681,3753.867940
22555.526092,6365.771101,-6883.915261,3217.601092
22555.526425,4071.132681,-9474.636058,2068.457845
22555.526758,592.164754,-10288.862594,-3753.867940
22555.527091,-74.020594,-14211.954086,-11108.384721
22555.527424,-1184.329507,-14285.974681,2374.896044
22555.527757,2294.638420,-10362.883188,-76.609550
22555.528090,1998.556043,-9178.553681,3370.820191
22555.528423,-1406.391290,-5403.503377,2068.457845
22555.528756,-1036.288319,-5329.482782,-306.438199
22555.529089,518.144159,-9030.512492,5439.278036
22555.529422,2590.720797,-3997.112087,2221.676944
22555.529755,1406.391290,-11547.212695,4213.525239
22555.530088,0.000000,-2442.679609,0.000000
22555.530421,0.000000,-11917.315666,-76.609550
22555.530754,-74.020594,-11251.130318,-2221.676944
22555.531087,1628.453072,-7772.162391,-3677.258390
22555.531420,-2664.741391,-10732.986159,-5515.887586
22555.531753,370.102971,-7698.141797,-4366.744339
22555.532086,-4441.235652,-12509.480420,-2757.943793
22555.532419,2960.823768,-8364.327145,2451.505594
22555.532752,4367.215058,-11991.336260,3677.258390
22555.533084,7698.141797,-7772.162391,10878.556072
22555.533417,2812.782580,-5625.565159,6052.154434
22555.533750,-74.020594,-7772.162391,306.438199
22555.534083,0.000000,-4811.338623,4290.134789
22555.534416,592.164754,-9252.574275,612.876398
22555.534749,888.247130,-6587.832884,-612.876398
22555.535082,-1258.350101,-4441.235652,-6205.373534
22555.535415,-4737.318029,-16654.633695,-4903.011187
22555.535748,-1036.288319,-3330.926739,-5745.716235
22555.536081,-2368.659014,-16728.654289,-1838.629195
22555.536414,814.226536,-7402.059420,-1608.800546
22555.536747,-814.226536,-12435.459826,-306.438199
22555.537080,592.164754,-11325.150913,2451.505594
22555.537413,3478.967927,-11843.295072,7890.783629
22555.537746,4663.297435,-6291.750507,6128.763984
22555.538079,4737.318029,-8882.471304,9729.412825
22555.538412,-666.185348,-3552.988522,842.705048
22555.538745,-2072.576638,-5403.503377,-2145.067394
22555.539078,-7476.080014,-8808.450710,-4903.011187
22555.539411,-3330.926739,-9622.677246,-3907.087040
22555.539744,-6883.915261,-9252.574275,-5515.887586
22555.540077,-1258.350101,-11843.295072,-76.609550
22555.540410,-3034.844362,-10066.800811,-4060.306139
22555.540743,3552.988522,-7624.121203,2451.505594
22555.541076,5477.523971,-11843.295072,6052.154434
22555.541409,4663.297435,-7105.977043,3370.820191
22555.541742,3256.906145,-11843.295072,1762.019645
22555.542075,814.226536,-14582.057057,4290.134789
22555.542408,1998.556043,-8956.491898,1225.752797
22555.542741,3182.885551,-9400.615463,2451.505594
22555.543074,-1332.370696,-8142.265362,-1608.800546
22555.543407,-4737.318029,-2442.679609,-4903.011187
22555.543740,-1702.473667,-9474.636058,-76.609550
22555.544073,-2146.597232,-4737.318029,-3753.867940
22555.544406,-4145.153275,-7550.100608,-2298.286494
22555.544739,-3627.009116,-9178.553681,-1838.629195
22555.545071,2442.679609,-12953.603985,1608.800546
22555.545404,7550.100608,-9474.636058,6665.030833
22555.545737,8068.244768,-9400.615463,4443.353888
22555.546070,10066.800811,-10140.821405,6741.640382
22555.546403,3478.967927,-6513.812290,-2528.115143
22555.546736,-2442.679609,-18505.148550,-9039.926876
22555.547069,0.000000,-13397.727550,-1608.800546
22555.547402,2294.638420,-14211.954086,3294.210641
22555.547735,1406.391290,-7179.997637,3677.258390
22555.548068,1480.411884,0.000000,3753.867940
22555.548401,-2368.659014,-5699.585753,1072.533697
22555.548734,1110.308913,-7698.141797,4826.401637
22555.549067,3478.967927,-8290.306550,6052.154434
22555.549400,-2960.823768,-11325.150913,306.438199
22555.549733,-2886.803174,-5995.668130,0.000000
22555.550066,-3552.988522,-11917.315666,-1685.410096
22555.550399,2886.803174,-8882.471304,842.705048
22555.550732,3552.988522,-9918.759623,2987.772442
22555.551065,-592.164754,-12139.377449,-4366.744339
22555.551398,-4811.338623,-9918.759623,-5822.325785
22555.551731,-3849.070898,-10732.986159,-3600.648841
22555.552064,-1554.432478,-10362.883188,-689.485948
22555.552397,1628.453072,-10658.965565,2528.115143
22555.552730,2146.597232,-10288.862594,8044.002729
22555.553063,740.205942,-4885.359217,5592.497135
22555.553396,3775.050304,-5107.421000,5515.887586
22555.553729,-666.185348,-8290.306550,4519.963438
22555.554062,4663.297435,-7105.977043,-76.609550
22555.554395,-4811.338623,-13619.789333,0.000000
22555.554728,0.000000,-5699.585753,-4903.011187
22555.555061,-2960.823768,-14285.974681,-1225.752797
22555.555394,-2590.720797,-8956.491898,-3983.696590
22555.555727,1628.453072,-8290.306550,-3753.867940
22555.556060,-2516.700203,-10510.924376,-3294.210641
22555.556393,666.185348,-9030.512492,-6588.421283
22555.556726,-2368.659014,-11917.315666,1838.629195
22555.557058,5255.462188,-11251.130318,4826.401637
22555.557391,7624.121203,-9474.636058,7967.393179
22555.557724,4737.318029,-7920.203579,9729.412825
22555.558057,4663.297435,-7105.977043,2374.896044
22555.558390,2368.659014,-6291.750507,4903.011187
22555.558723,1110.308913,-6291.750507,842.705048
22555.559056,-4219.173869,-8512.368333,-1532.190996
22555.559389,-4811.338623,-5625.565159,-9422.974625
22555.559722,-5847.626942,-14359.995275,-7124.688131
22555.560055,-74.020594,-9474.636058,-4213.525239
22555.560388,2368.659014,-7179.997637,0.000000
22555.560721,2368.659014,-13767.830521,5362.668486
22555.561054,1036.288319,-5699.585753,0.000000
22555.561387,518.144159,-14063.912898,536.266849
22555.561720,5477.523971,-8364.327145,4136.915689
22555.562053,5995.668130,-11399.171507,4213.525239
22555.562386,4293.194464,-10584.944971,7814.174080
22555.562719,1406.391290,-5921.647536,3907.087040
22555.563052,-1850.514855,-6143.709319,-3677.258390
22555.563385,2368.659014,-7698.141797,2374.896044
22555.563718,-1850.514855,-5921.647536,-689.485948
22555.564051,-3552.988522,-74.020594,-7354.516781
22555.564384,-7179.997637,-13915.871710,-5592.497135
22555.564717,-2960.823768,-7772.162391,-4903.011187
22555.565050,-3034.844362,-16580.613101,1072.533697
22555.565383,5181.441594,-11399.171507,5439.278036
22555.565716,-74.020594,-14211.954086,2374.896044
22555.566049,74.020594,-7624.121203,536.266849
22555.566382,1480.411884,-12879.583391,5362.668486
22555.566715,1332.370696,-3997.112087,2374.896044
22555.567048,1184.329507,-10140.821405,3677.258390
22555.567381,0.000000,-8216.285956,1149.143247
22555.567714,-74.020594,-4589.276840,-2834.553343
22555.568047,-6217.729913,-7179.997637,-2451.505594
22555.568380,3182.885551,-4737.318029,995.924147
22555.568713,-4737.318029,-9548.656652,-4903.011187
22555.569045,-962.267725,-11843.295072,2068.457845
22555.569378,-3330.926739,-9622.677246,-4826.401637
22555.569711,-1480.411884,-15618.345376,306.438199
22555.570044,2294.638420,-8882.471304,4213.525239
22555.570377,-592.164754,-15692.365970,4826.401637
22555.570710,592.164754,-4811.338623,3677.258390
22555.571043,-1258.350101,-10066.800811,1225.752797
22555.571376,4663.297435,-8290.306550,842.705048
22555.571709,1702.473667,-2812.782580,-689.485948
22555.572042,1702.473667,-13619.789333,-3294.210641
22555.572375,1850.514855,-5921.647536,3600.648841
22555.572708,-1554.432478,-10510.924376,-76.609550
22555.573041,7254.018232,-4811.338623,1225.752797
22555.573374,2294.638420,-11251.130318,3600.648841
22555.573707,-2368.659014,-11917.315666,612.876398
22555.574040,2294.638420,-10955.047942,1455.581446
22555.574373,-4737.318029,-13915.871710,-383.047749
22555.574706,3552.988522,-5181.441594,689.485948
22555.575039,0.000000,-10436.903782,4136.915689
22555.575372,370.102971,-7179.997637,-2374.896044
22555.575705,74.020594,-4737.318029,-2374.896044
22555.576038,1776.494261,-8364.327145,0.000000
22555.576371,5847.626942,-2886.803174,-4596.572988
22555.576704,1554.432478,-13619.789333,4213.525239
22555.577037,4663.297435,-10658.965565,-1302.362347
22555.577370,-2368.659014,-14285.974681,3064.381992
22555.577703,4145.153275,-10140.821405,3064.381992
22555.578036,6069.688724,-12879.583391,5669.106685
22555.578369,0.000000,-9770.718434,2681.334243
22555.578702,2220.617826,-6735.874072,0.000000
22555.579035,-5033.400406,-11843.295072,-689.485948
22555.579368,-3552.988522,-5995.668130,-1225.752797
22555.579701,-1258.350101,-7105.977043,1149.143247
22555.580034,-4737.318029,-1850.514855,-7354.516781
22555.580367,-4737.318029,-6587.832884,-3064.381992
22555.580700,-3182.885551,-8290.306550,-1685.410096
22555.581032,1332.370696,-9474.636058,-689.485948
22555.581365,3330.926739,-11103.089130,5592.497135
22555.581698,3108.864956,-12879.583391,2834.553343
22555.582031,3775.050304,-12879.583391,3600.648841
22555.582364,1184.329507,-10807.006753,2757.943793
22555.582697,1036.288319,-12731.542202,0.000000
22555.583030,888.247130,-10140.821405,5439.278036
22555.583363,-1480.411884,-8216.285956,-1302.362347
22555.583696,-1554.432478,-10955.047942,1149.143247
22555.584029,-3552.988522,-666.185348,0.000000
22555.584362,-2220.617826,-6587.832884,-689.485948
22555.584695,-666.185348,-3552.988522,-1225.752797
22555.585028,-1480.411884,-7920.203579,306.438199
22555.585361,-814.226536,-10658.965565,-76.609550
22555.585694,-3182.885551,-9326.594869,-919.314598
22555.586027,-3849.070898,-11621.233289,-1225.752797
22555.586360,2294.638420,-8882.471304,-842.705048
22555.586693,-1924.535449,-15026.180623,1225.752797
22555.587026,0.000000,-4811.338623,-1225.752797
22555.587359,-3627.009116,-16580.613101,-3753.867940
22555.587692,7031.956449,-8882.471304,995.924147
22555.588025,740.205942,-6587.832884,2757.943793
22555.588358,5551.544565,-7994.224174,4596.572988
22555.588691,4737.318029,-2442.679609,3677.258390
22555.589024,444.123565,-9030.512492,76.609550
22555.589357,5033.400406,-6883.915261,1225.752797
22555.589690,888.247130,-10732.986159,3677.258390
22555.590023,0.000000,-10732.986159,2068.457845
22555.590356,-2738.761985,-10658.965565,0.000000
22555.590689,-3552.988522,-7772.162391,-3907.087040
22555.591022,-3552.988522,-8660.409521,-4136.915689
22555.591355,-3552.988522,-11917.315666,306.438199
22555.591688,-1406.391290,-5551.544565,-5439.278036
22555.592021,-4441.235652,-12287.418637,76.609550
22555.592354,2812.782580,-6809.894666,2451.505594
22555.592687,3478.967927,-4441.235652,4213.525239
22555.593019,4663.297435,-7994.224174,4519.963438
22555.593352,4219.173869,-6291.750507,2451.505594
22555.593685,1776.494261,-13471.748144,2068.457845
22555.594018,8216.285956,-13619.789333,-76.609550
22555.594351,5847.626942,-11695.253884,7890.783629
22555.594684,1628.453072,-5255.462188,-2298.286494
22555.595017,222.061783,-11769.274478,-383.047749
22555.595350,-1184.329507,-10658.965565,-1455.581446
22555.595683,-3552.988522,-8364.327145,-2451.505594
22555.596016,-1258.350101,-7994.224174,689.485948
22555.596349,-2960.823768,-4811.338623,-4903.011187
22555.596682,-5773.606348,-14211.954086,-76.609550
22555.597015,-962.267725,-3627.009116,919.314598
22555.597348,-74.020594,-8586.388927,4519.963438
22555.597681,3108.864956,-6587.832884,1072.533697
22555.598014,2738.761985,-9622.677246,3217.601092
22555.598347,-1258.350101,-9474.636058,-1455.581446
22555.598680,2960.823768,-8364.327145,1838.629195
22555.599013,2146.597232,-7179.997637,-3677.258390
22555.599346,0.000000,-11251.130318,-2834.553343
22555.599679,-3775.050304,-14582.057057,-612.876398
22555.600012,518.144159,-8956.491898,-3983.696590
22555.600345,-4737.318029,-12509.480420,2451.505594
22555.600678,-74.020594,-4737.318029,-76.609550
22555.601011,-2368.659014,-4811.338623,612.876398
22555.601344,-1850.514855,-13027.624579,4826.401637
22555.601677,4515.256246,-4737.318029,995.924147
22555.602010,0.000000,-9844.739029,7967.393179
22555.602343,1702.473667,-5995.668130,2451.505594
22555.602676,1036.288319,-5477.523971,-1455.581446
22555.603009,-1110.308913,-14804.118840,-536.266849
22555.603342,888.247130,-9696.697840,-4903.011187
22555.603675,-666.185348,-10436.903782,-4596.572988
22555.604008,0.000000,-9548.656652,-2451.505594
22555.604341,-148.041188,-10658.965565,2374.896044
22555.604674,-2442.679609,-8142.265362,-4903.011187
22555.605006,4293.194464,-12583.501014,5439.278036
22555.605339,3256.906145,-6587.832884,6358.592633
22555.605672,5033.400406,-5995.668130,6665.030833
22555.606005,0.000000,-7179.997637,6894.859482
22555.606338,-1850.514855,-7105.977043,-2528.115143
22555.606671,-4441.235652,-7179.997637,612.876398
22555.607004,-74.020594,-5625.565159,-2528.115143
22555.607337,-370.102971,-8586.388927,-6128.763984
22555.607670,0.000000,-7179.997637,-919.314598
22555.608003,-1554.432478,-15396.283594,-3524.039291
22555.608336,1332.370696,-10955.047942,-919.314598
22555.608669,2294.638420,-10510.924376,0.000000
22555.609002,3997.112087,-10066.800811,1762.019645
22555.609335,3552.988522,-3627.009116,919.314598
22555.609668,0.000000,-11325.150913,2451.505594
22555.610001,5255.462188,-11843.295072,1149.143247
22555.610334,1776.494261,-9548.656652,2451.505594
22555.610667,7105.977043,-10510.924376,10035.851024
22555.611000,3478.967927,-4589.276840,3064.381992
22555.611333,-1332.370696,-7105.977043,-2068.457845
22555.611665,-5329.482782,-6809.894666,-4979.620737
22555.611998,-5921.647536,-8142.265362,-3524.039291
22555.612331,-3256.906145,-5107.421000,-5439.278036
22555.612664,-3923.091493,-12509.480420,-1991.848295
22555.612997,-518.144159,-11251.130318,995.924147
22555.613330,1628.453072,-7624.121203,1532.190996
22555.613663,4367.215058,-13545.768739,4826.401637
22555.613996,1184.329507,-8956.491898,4979.620737
22555.614329,3034.844362,-7179.997637,306.438199
22555.614662,1184.329507,-11621.233289,3600.648841
22555.614995,2886.803174,-9474.636058,-689.485948
22555.615328,-2220.617826,-11325.150913,2451.505594
22555.615661,-962.267725,-7772.162391,1915.238745
22555.615993,1110.308913,-5773.606348,-76.609550
22555.616326,666.185348,-7105.977043,2068.457845
22555.616659,-962.267725,-4441.235652,-995.924147
22555.616992,-74.020594,-5477.523971,-689.485948
22555.617325,-3552.988522,-10140.821405,2681.334243
22555.617658,-1628.453072,-10658.965565,4213.525239
22555.617991,-74.020594,-9474.636058,-3140.991542
22555.618324,-3330.926739,-12953.603985,-2987.772442
22555.618657,518.144159,-9696.697840,-3217.601092
22555.618990,814.226536,-9770.718434,1455.581446
22555.619323,0.000000,-10436.903782,2298.286494
22555.619656,2960.823768,-4811.338623,612.876398
22555.619988,-666.185348,-12287.418637,0.000000
22555.620321,4737.318029,-8364.327145,3907.087040
22555.620654,3478.967927,-10362.883188,2068.457845
22555.620987,0.000000,-7402.059420,1762.019645
22555.621320,0.000000,-7179.997637,1838.629195
22555.621653,2368.659014,-3849.070898,1762.019645
22555.621986,0.000000,-12213.398043,-536.266849
22555.622319,2220.617826,-8142.265362,2604.724693
22555.622652,-1258.350101,-11843.295072,-2528.115143
22555.622985,-5921.647536,-11325.150913,-2451.505594
22555.623318,-3627.009116,-10658.965565,-2068.457845
22555.623651,-3627.009116,-8956.491898,-3677.258390
22555.623984,2960.823768,-6365.771101,3600.648841
22555.624316,3478.967927,-7698.141797,-76.609550
22555.624649,2220.617826,-10510.924376,3294.210641
22555.624982,1776.494261,-5699.585753,1762.019645
22555.625315,2960.823768,-11399.171507,306.438199
22555.625648,4293.194464,-7624.121203,5745.716235
22555.625981,3256.906145,-13027.624579,4826.401637
22555.626314,4663.297435,-7179.997637,0.000000
22555.626647,-888.247130,-11325.150913,2451.505594
22555.626980,1110.308913,-11251.130318,-4366.744339
22555.627313,2886.803174,-9474.636058,2374.896044
22555.627646,-5107.421000,-12583.501014,-383.047749
22555.627979,-1406.391290,-5995.668130,-1532.190996
22555.628312,-7624.121203,-13323.706956,-383.047749
22555.628644,4071.132681,-1406.391290,-842.705048
22555.628977,1850.514855,-8290.306550,3294.210641
22555.629310,5625.565159,-6513.812290,4366.744339
22555.629643,1702.473667,-8068.244768,-612.876398
22555.629976,-1036.288319,-14804.118840,306.438199
22555.630309,4885.359217,-8364.327145,1302.362347
22555.630642,-1480.411884,-13693.809927,536.266849
22555.630975,4663.297435,-9474.636058,-76.609550
22555.631308,-5921.647536,-11917.315666,1225.752797
22555.631641,-74.020594,-9474.636058,-1302.362347
22555.631974,-74.020594,-9474.636058,-76.609550
22555.632307,444.123565,-8068.244768,1532.190996
22555.632640,148.041188,-5847.626942,995.924147
22555.632972,-3627.009116,-10584.944971,2451.505594
22555.633305,-1776.494261,-3627.009116,0.000000
22555.633638,-1480.411884,-10658.965565,-76.609550
22555.633971,2886.803174,-7179.997637,0.000000
22555.634304,0.000000,-9548.656652,612.876398
22555.634637,1110.308913,-14211.954086,842.705048
22555.634970,370.102971,-7179.997637,0.000000
22555.635303,-3330.926739,-17468.860231,-612.876398
22555.635636,3701.029710,-8586.388927,2987.772442
22555.635969,-1776.494261,-11399.171507,995.924147
22555.636302,2886.803174,-7031.956449,2987.772442
22555.636635,1998.556043,-7105.977043,2374.896044
22555.636968,0.000000,-6587.832884,3677.258390
22555.637300,2886.803174,-6513.812290,3294.210641
22555.637633,-74.020594,-11251.130318,-76.609550
22555.637966,-740.205942,-10140.821405,1762.019645
22555.638299,-1036.288319,-7105.977043,0.000000
22555.638632,-1332.370696,-7994.224174,-4903.011187
22555.638965,740.205942,-11621.233289,-1762.019645
22555.639298,-2368.659014,-9548.656652,-2451.505594
22555.639631,-74.020594,-14211.954086,-1225.752797
22555.639964,-2368.659014,-8364.327145,306.438199
22555.640297,3923.091493,-11843.295072,-76.609550
22555.640630,1998.556043,-8290.306550,4673.182538
22555.640963,5181.441594,-2072.576638,3600.648841
22555.641296,3849.070898,-8512.368333,4366.744339
22555.641628,4219.173869,-5255.462188,2681.334243
22555.641961,1554.432478,-9400.615463,1149.143247
22555.642294,148.041188,-11399.171507,0.000000
22555.642627,-2368.659014,-10140.821405,-2145.067394
22555.642960,-4219.173869,-13027.624579,-76.609550
22555.643293,-1258.350101,-3404.947333,-6818.249932
22555.643626,-4737.318029,-13397.727550,-1762.019645
22555.643959,-1480.411884,-5625.565159,-2528.115143
22555.644292,-1554.432478,-12583.501014,2221.676944
22555.644625,2664.741391,-8808.450710,5669.106685
22555.644958,518.144159,-9326.594869,1608.800546
22555.645291,3849.070898,-6883.915261,5515.887586
22555.645624,1332.370696,-7179.997637,919.314598
22555.645956,4589.276840,-7179.997637,612.876398
22555.646289,1924.535449,-10881.027347,383.047749
22555.646622,148.041188,-12657.521608,-1991.848295
22555.646955,1480.411884,-10510.924376,1838.629195
22555.647288,-4293.194464,-7179.997637,-6741.640382
22555.647621,0.000000,-11621.233289,4136.915689
22555.647954,-6587.832884,-11843.295072,4826.401637
22555.648287,-370.102971,-444.123565,-5592.497135
22555.648620,-6513.812290,-11843.295072,-76.609550
22555.648953,-296.082377,-2442.679609,-995.924147
22555.649286,-1332.370696,-8660.409521,2681.334243
22555.649619,3182.885551,-7031.956449,3983.696590
22555.649951,4071.132681,-10658.965565,-689.485948
22555.650284,-2368.659014,-10140.821405,612.876398
22555.650617,7031.956449,-9474.636058,-1302.362347
22555.650950,518.144159,-10732.986159,-2451.505594
22555.651283,1184.329507,-11917.315666,-2451.505594
22555.651616,1110.308913,-13471.748144,229.828649
22555.651949,-592.164754,-14285.974681,-459.657299
22555.652282,1258.350101,-9548.656652,2221.676944
22555.652615,-74.020594,-7254.018232,3217.601092
22555.652948,1628.453072,-2442.679609,0.000000
22555.653281,1184.329507,-4811.338623,7660.954980
22555.653614,1702.473667,-6513.812290,1762.019645
22555.653947,-1850.514855,-3775.050304,-2451.505594
22555.654279,370.102971,-10066.800811,-2528.115143
22555.654612,592.164754,-7846.182985,-919.314598
22555.654945,-3849.070898,-11029.068536,-5209.449386
22555.655278,-296.082377,-15396.283594,-4136.915689
22555.655611,-5107.421000,-12509.480420,-4903.011187
22555.655944,0.000000,-12213.398043,-1685.410096
22555.656277,8216.285956,-10658.965565,4213.525239
22555.656610,3478.967927,-10510.924376,4290.134789
22555.656943,5625.565159,-7624.121203,7967.393179
22555.657276,4663.297435,-10658.965565,7277.907231
22555.657609,5477.523971,-2738.761985,3064.381992
22555.657942,2294.638420,-7328.038826,2681.334243
22555.658275,2442.679609,-4441.235652,-612.876398
22555.658607,-1776.494261,-11103.089130,0.000000
22555.658940,-3552.988522,-8364.327145,-6741.640382
22555.659273,-5107.421000,-15026.180623,-5669.106685
22555.659606,-3849.070898,-7624.121203,-5745.716235
22555.659939,-4071.132681,-12879.583391,-3677.258390
22555.660272,-2442.679609,-10658.965565,842.705048
22555.660605,-5847.626942,-8364.327145,0.000000
22555.660938,888.247130,-9178.553681,4213.525239
22555.661271,5847.626942,-8290.306550,6052.154434
22555.661604,6069.688724,-3627.009116,5515.887586
22555.661937,6439.791695,-9474.636058,9729.412825
22555.662270,740.205942,-4811.338623,1225.752797
22555.662603,-1702.473667,-13027.624579,-2757.943793
22555.662935,370.102971,-8734.430116,-3294.210641
22555.663268,-2072.576638,-11917.315666,-4903.011187
22555.663601,-1258.350101,-10066.800811,-4903.011187
22555.663934,-3627.009116,-11843.295072,-3753.867940
22555.664267,-4663.297435,-8364.327145,-5515.887586
22555.664600,-3849.070898,-11473.192101,1838.629195
22555.664933,370.102971,-6587.832884,4903.011187
22555.665266,0.000000,-9548.656652,4443.353888
22555.665599,2368.659014,-4811.338623,5669.106685
22555.665932,1850.514855,-7772.162391,2374.896044
22555.666265,4071.132681,-8290.306550,-76.609550
22555.666598,4145.153275,-3775.050304,2451.505594
22555.666931,-74.020594,-9474.636058,-5592.497135
22555.667263,0.000000,-7179.997637,-4290.134789
22555.667596,-2442.679609,-16580.613101,-3753.867940
22555.667929,3478.967927,-10658.965565,-1915.238745
22555.668262,888.247130,-14878.139434,2681.334243
22555.668595,888.247130,-10436.903782,2145.067394
22555.668928,-3627.009116,-8512.368333,1762.019645
22555.669261,518.144159,-9030.512492,229.828649
22555.669594,2368.659014,-8068.244768,7814.174080
22555.669927,592.164754,-3627.009116,1225.752797
22555.670260,592.164754,-8364.327145,6281.983084
22555.670593,-666.185348,-5329.482782,-536.266849
22555.670926,2072.576638,-6587.832884,0.000000
22555.671259,2738.761985,-9474.636058,383.047749
22555.671591,3404.947333,-9326.594869,-995.924147
22555.671924,888.247130,-11325.150913,-4903.011187
22555.672257,-444.123565,-13989.892304,76.609550
22555.672590,-74.020594,-10658.965565,-1302.362347
22555.672923,-4737.318029,-11325.150913,0.000000
22555.673256,5551.544565,-13619.789333,6665.030833
22555.673589,-74.020594,-10732.986159,1532.190996
22555.673922,-1480.411884,-2442.679609,2451.505594
22555.674255,1998.556043,-6513.812290,-76.609550
22555.674588,592.164754,-6735.874072,4596.572988
22555.674921,518.144159,-3256.906145,1762.019645
22555.675254,-2146.597232,-11621.233289,-1455.581446
22555.675587,-74.020594,-4737.318029,-4519.963438
22555.675919,-1924.535449,-12065.356855,-5439.278036
22555.676252,2738.761985,-9474.636058,-842.705048
22555.676585,592.164754,-9548.656652,-1072.533697
22555.676918,-4441.235652,-15470.304188,0.000000
22555.677251,1998.556043,-11251.130318,-76.609550
22555.677584,148.041188,-11917.315666,1225.752797
22555.677917,4737.318029,-7179.997637,8120.612279
22555.678250,6069.688724,-7105.977043,6971.469032
22555.678583,-4145.153275,-9548.656652,4903.011187
22555.678916,740.205942,-888.247130,-1838.629195
22555.679249,-2960.823768,-10732.986159,-1915.238745
22555.679582,-2664.741391,-5773.606348,-4213.525239
22555.679915,-3034.844362,-8882.471304,-4979.620737
22555.680247,-3627.009116,-13027.624579,-3753.867940
22555.680580,-4441.235652,-7772.162391,-2298.286494
22555.680913,-2368.659014,-11325.150913,1991.848295
22555.681246,6217.729913,-10658.965565,6052.154434
22555.681579,7698.141797,-7846.182985,5362.668486
22555.681912,3182.885551,-13471.748144,3753.867940
22555.682245,4737.318029,-11621.233289,6281.983084
22555.682578,1850.514855,-9696.697840,919.314598
22555.682911,2294.638420,-9030.512492,1532.190996
22555.683244,1110.308913,-7994.224174,-4366.744339
22555.683577,-4737.318029,-6291.750507,-1685.410096
22555.683910,-4811.338623,-7698.141797,-2528.115143
22555.684242,-2738.761985,-7698.141797,-6971.469032
22555.684575,-3478.967927,-9326.594869,2221.676944
22555.684908,-3404.947333,-7031.956449,-2374.896044
22555.685241,740.205942,-7476.080014,3600.648841
22555.685574,-370.102971,-10066.800811,1378.971896
22555.685907,6513.812290,-7179.997637,1225.752797
22555.686240,5995.668130,-10140.821405,7660.954980
22555.686573,8882.471304,-10658.965565,6052.154434
22555.686906,4071.132681,-8290.306550,-1685.410096
22555.687239,-4145.153275,-14582.057057,-4290.134789
22555.687572,0.000000,-8364.327145,-6741.640382
22555.687905,-1998.556043,-12065.356855,-3140.991542
22555.688238,370.102971,-9844.739029,-1915.238745
22555.688570,-74.020594,-3404.947333,229.828649
22555.688903,-3627.009116,-11547.212695,2987.772442
22555.689236,2368.659014,-3997.112087,10648.727422
22555.689569,1998.556043,-3256.906145,612.876398
22555.689902,-1406.391290,-10732.986159,3677.258390
22555.690235,1406.391290,-7105.977043,-76.609550
22555.690568,-2072.576638,-13101.645173,-2451.505594
22555.690901,1628.453072,-10066.800811,0.000000
22555.691234,3256.906145,-7994.224174,-3600.648841
22555.691567,1110.308913,-14211.954086,-4060.306139
22555.691900,4071.132681,-12435.459826,-689.485948
22555.692233,-1036.288319,-11399.171507,-2528.115143
22555.692566,-740.205942,-8882.471304,459.657299
22555.692898,-1036.288319,-11695.253884,2757.943793
22555.693231,1110.308913,-7624.121203,1762.019645
22555.693564,-666.185348,-11843.295072,8503.660028
22555.693897,1480.411884,-962.267725,2451.505594
22555.694230,370.102971,-8882.471304,5745.716235
22555.694563,1110.308913,-6365.771101,3064.381992
22555.694896,-3552.988522,-6587.832884,0.000000
22555.695229,-2738.761985,-10658.965565,-2528.115143
22555.695562,-2442.679609,-11769.274478,-4366.744339
22555.695895,-3775.050304,-7994.224174,-4136.915689
22555.696228,-1998.556043,-10362.883188,-4519.963438
22555.696561,-3330.926739,-10140.821405,-7890.783629
22555.696894,-1184.329507,-15692.365970,2374.896044
22555.697226,1702.473667,-9474.636058,2374.896044
22555.697559,4737.318029,-9548.656652,7967.393179
22555.697892,5921.647536,-9474.636058,11568.042020
22555.698225,1998.556043,-5995.668130,2451.505594
22555.698558,1702.473667,-7624.121203,2528.115143
22555.698891,2738.761985,-6513.812290,1455.581446
22555.699224,-2368.659014,-8364.327145,-766.095498
22555.699557,-4737.318029,-6291.750507,-3677.258390
22555.699890,-3182.885551,-9474.636058,-7431.126331
22555.700223,-4737.318029,-11029.068536,-4903.011187
22555.700556,814.226536,-4811.338623,-4903.011187
22555.700889,3552.988522,-13767.830521,3447.429741
22555.701222,0.000000,-11917.315666,2528.115143
22555.701554,3256.906145,-8734.430116,2757.943793
22555.701887,2886.803174,-12879.583391,1838.629195
22555.702220,8956.491898,-9992.780217,4060.306139
22555.702553,5847.626942,-15396.283594,8503.660028
22555.702886,6439.791695,-5921.647536,2374.896044
22555.703219,-3552.988522,-9548.656652,2374.896044
22555.703552,-2738.761985,-5921.647536,-3140.991542
22555.703885,-370.102971,-74.020594,-6128.763984
22555.704218,-6217.729913,-13397.727550,-76.609550
22555.704551,-1184.329507,-2442.679609,-3983.696590
22555.704884,-7105.977043,-13545.768739,-1302.362347
22555.705217,1628.453072,-7328.038826,612.876398
22555.705550,3775.050304,-8586.388927,3600.648841
22555.705882,3701.029710,-13249.686362,3983.696590
22555.706215,5551.544565,-8512.368333,842.705048
22555.706548,-2368.659014,-16358.551318,-1685.410096
22555.706881,2368.659014,-7179.997637,0.000000
22555.707214,0.000000,-10140.821405,4826.401637
22555.707547,4663.297435,-7698.141797,-383.047749
22555.707880,-1776.494261,-6291.750507,0.000000
22555.708213,-2442.679609,-9474.636058,-2528.115143
22555.708546,0.000000,-3627.009116,-2451.505594
22555.708879,-2368.659014,-9474.636058,3447.429741
22555.709212,-1036.288319,-8438.347739,4290.134789
22555.709545,-6661.853478,-7698.141797,-2145.067394
22555.709878,-74.020594,-12435.459826,1762.019645
22555.710210,2590.720797,-3701.029710,842.705048
22555.710543,5847.626942,-10658.965565,2145.067394
22555.710876,2368.659014,-8660.409521,1225.752797
22555.711209,-1184.329507,-15100.201217,-76.609550
22555.711542,-2442.679609,-13027.624579,-5286.058936
22555.711875,3108.864956,-11769.274478,-1302.362347
22555.712208,-148.041188,-11325.150913,2528.115143
22555.712541,3997.112087,-3552.988522,1072.533697
22555.712874,-4145.153275,-12435.459826,2757.943793
22555.713207,1184.329507,-5107.421000,2374.896044
22555.713540,296.082377,-9548.656652,4903.011187
22555.713873,2072.576638,-9474.636058,7277.907231
22555.714206,2368.659014,-5107.421000,4519.963438
22555.714539,-4811.338623,-9548.656652,0.000000
22555.714872,888.247130,-5107.421000,-612.876398
22555.715205,1776.494261,-8068.244768,-76.609550
22555.715538,3775.050304,-9548.656652,-3600.648841
22555.715870,-2146.597232,-12583.501014,-4290.134789
22555.716203,-6291.750507,-9474.636058,-6358.592633
22555.716536,-1776.494261,-13397.727550,-6511.811733
22555.716869,1406.391290,-16358.551318,2987.772442
22555.717202,7031.956449,-2738.761985,0.000000
22555.717535,4737.318029,-12509.480420,11338.213370
22555.717868,6365.771101,-3775.050304,7048.078582
22555.718201,2294.638420,-9918.759623,3907.087040
22555.718534,4145.153275,-8808.450710,5209.449386
22555.718867,4737.318029,-6735.874072,3064.381992
22555.719200,-3552.988522,-10140.821405,0.000000
22555.719533,1110.308913,-6513.812290,-3140.991542
22555.719866,-6735.874072,-8512.368333,-7890.783629
22555.720199,-3182.885551,-7179.997637,-7354.516781
22555.720532,888.247130,-10288.862594,-842.705048
22555.720865,-4441.235652,-14582.057057,-2681.334243
22555.721198,-1776.494261,-9844.739029,-1302.362347
22555.721531,74.020594,-11325.150913,2681.334243
22555.721864,3404.947333,-10140.821405,8120.612279
22555.722196,6217.729913,-4219.173869,8580.269578
22555.722529,1628.453072,-11473.192101,3983.696590
22555.722862,5033.400406,-4293.194464,3217.601092
22555.723195,-2664.741391,-10362.883188,459.657299
22555.723528,2294.638420,-8290.306550,-76.609550
22555.723861,-7105.977043,-10140.821405,-1838.629195
22555.724194,-4219.173869,-10362.883188,-3753.867940
22555.724527,-666.185348,-7698.141797,-4060.306139
22555.724860,-2220.617826,-5107.421000,-3524.039291
22555.725193,3182.885551,-10066.800811,2374.896044
22555.725526,2812.782580,-9474.636058,3830.477490
22555.725859,-1110.308913,-14285.974681,3447.429741
22555.726192,518.144159,-8438.347739,1302.362347
22555.726525,592.164754,-11917.315666,1532.190996
22555.726858,0.000000,-3627.009116,0.000000
22555.727191,5477.523971,-11843.295072,2374.896044
22555.727524,-74.020594,-11251.130318,-689.485948
22555.727857,-5921.647536,-7772.162391,-3677.258390
22555.728190,-3849.070898,-7698.141797,-4979.620737
22555.728523,-1184.329507,-9622.677246,-1225.752797
22555.728855,74.020594,-6513.812290,1532.190996
22555.729188,-2146.597232,-9474.636058,3600.648841
22555.729521,4737.318029,-3997.112087,4596.572988
22555.729854,1332.370696,-11325.150913,7354.516781
22555.730187,7624.121203,-2960.823768,-842.705048
22555.730520,0.000000,-11917.315666,2145.067394
22555.730853,-1554.432478,-14211.954086,-1302.362347
22555.731186,0.000000,-9844.739029,-3370.820191
22555.731519,-5403.503377,-15396.283594,-2068.457845
22555.731852,2368.659014,-1184.329507,-6052.154434
22555.732185,-4959.379811,-12287.418637,-3753.867940
22555.732518,2294.638420,-4145.153275,-1608.800546
22555.732851,-2368.659014,-11251.130318,1762.019645
22555.733184,3256.906145,-7179.997637,1915.238745
22555.733517,4737.318029,-10732.986159,8503.660028
22555.733850,5847.626942,-5921.647536,3600.648841
22555.734183,5847.626942,-9474.636058,5898.935335
22555.734516,2664.741391,-10066.800811,3064.381992
22555.734849,5403.503377,-9178.553681,306.438199
22555.735182,1776.494261,-10066.800811,-383.047749
22555.735514,-1776.494261,-11917.315666,-6128.763984
22555.735847,-3627.009116,-7698.141797,-6818.249932
22555.736180,-8290.306550,-11473.192101,-2221.676944
22555.736513,-2368.659014,-5699.585753,-3217.601092
22555.736846,-1850.514855,-11399.171507,0.000000
22555.737179,-2442.679609,-7105.977043,-1302.362347
22555.737512,1406.391290,-4737.318029,3064.381992
22555.737845,2590.720797,-10140.821405,6128.763984
22555.738178,4811.338623,-7698.141797,6894.859482
22555.738511,1776.494261,-10732.986159,6128.763984
22555.738844,3182.885551,-9918.759623,2068.457845
22555.739177,-1628.453072,-7328.038826,-3524.039291
22555.739510,518.144159,-10584.944971,-3753.867940
22555.739843,74.020594,-8956.491898,-2451.505594
22555.740176,-3552.988522,-9844.739029,-3064.381992
22555.740509,1110.308913,-8586.388927,-689.485948
22555.740842,-5995.668130,-11029.068536,-2145.067394
22555.741175,0.000000,-4293.194464,-1149.143247
22555.741508,-74.020594,-10658.965565,4826.401637
22555.741840,-1184.329507,-8660.409521,5209.449386
22555.742173,1110.308913,-5329.482782,1685.410096
22555.742506,-4367.215058,-10436.903782,459.657299
22555.742839,3256.906145,-6291.750507,1225.752797
22555.743172,-74.020594,-10510.924376,3294.210641
22555.743505,2294.638420,-10658.965565,-995.924147
22555.743838,-5625.565159,-9548.656652,-6741.640382
22555.744171,-5329.482782,-10288.862594,-4979.620737
22555.744504,2738.761985,-6513.812290,-2374.896044
22555.744837,2960.823768,-9696.697840,1302.362347
22555.745170,5625.565159,-10140.821405,6435.202183
22555.745503,1924.535449,-9622.677246,4903.011187
22555.745836,2516.700203,-12879.583391,3907.087040
22555.746169,5847.626942,-5921.647536,3600.648841
22555.746502,2294.638420,-10288.862594,1225.752797
22555.746835,4145.153275,-8142.265362,3600.648841
22555.747168,-666.185348,-10658.965565,-1302.362347
22555.747501,-4737.318029,-9548.656652,-1225.752797
22555.747834,-74.020594,-4145.153275,-3753.867940
22555.748167,-1036.288319,-9844.739029,-1455.581446
22555.748499,-1036.288319,-6143.709319,-1685.410096
22555.748832,-5181.441594,-10955.047942,-4979.620737
22555.749165,-2368.659014,-7772.162391,-3677.258390
22555.749498,888.247130,-11177.109724,4290.134789
22555.749831,8808.450710,-8882.471304,5439.278036
22555.750164,8216.285956,-6143.709319,6128.763984
22555.750497,0.000000,-13101.645173,3677.258390
22555.750830,5551.544565,-7698.141797,1149.143247
22555.751163,-1702.473667,-12583.501014,1455.581446
22555.751496,5625.565159,-8882.471304,-153.219100
22555.751829,-2960.823768,-9622.677246,-919.314598
22555.752162,-4737.318029,-8956.491898,-4596.572988
22555.752495,-1036.288319,-3034.844362,-3140.991542
22555.752828,-5255.462188,-13101.645173,-2068.457845
22555.753161,1184.329507,-5847.626942,-76.609550
22555.753494,-4219.173869,-13027.624579,4826.401637
22555.753827,0.000000,-5921.647536,1149.143247
22555.754160,-2368.659014,-7179.997637,2451.505594
22555.754493,2812.782580,-10510.924376,3600.648841
22555.754826,8808.450710,-9474.636058,842.705048
22555.755158,3182.885551,-16210.510130,5745.716235
22555.755491,1850.514855,-9178.553681,-383.047749
22555.755824,-3404.947333,-10214.842000,-2757.943793
22555.756157,-3330.926739,-14063.912898,-3217.601092
22555.756490,1110.308913,-6513.812290,-229.828649
22555.756823,-2812.782580,-11843.295072,1149.143247
22555.757156,0.000000,-3627.009116,1225.752797
22555.757489,-3627.009116,-10955.047942,3294.210641
22555.757822,4071.132681,-370.102971,2681.334243
22555.758155,888.247130,-11473.192101,7354.516781
22555.758488,1110.308913,-8586.388927,1685.410096
22555.758821,-888.247130,-9474.636058,-1378.971896
22555.759154,-2368.659014,-11917.315666,-1302.362347
22555.759487,4737.318029,-4811.338623,0.000000
22555.759820,-2442.679609,-9474.636058,-2528.115143
22555.760153,2664.741391,-10658.965565,-153.219100
22555.760486,-3182.885551,-12731.542202,-1608.800546
22555.760819,-3330.926739,-8364.327145,-4903.011187
22555.761152,1184.329507,-8512.368333,2451.505594
22555.761484,0.000000,-11325.150913,3753.867940
22555.761817,5477.523971,-7179.997637,4136.915689
22555.762150,-74.020594,-10362.883188,4826.401637
22555.762483,2738.761985,-7402.059420,383.047749
22555.762816,2368.659014,-8364.327145,2451.505594
22555.763149,2886.803174,-13027.624579,2987.772442
22555.763482,0.000000,-4811.338623,-3064.381992
22555.763815,-2960.823768,-9992.780217,-1915.238745
22555.764148,1998.556043,-9474.636058,-4979.620737
22555.764481,1776.494261,-5403.503377,-2528.115143
22555.764814,888.247130,-12805.562797,153.219100
22555.765147,1776.494261,-9844.739029,1149.143247
22555.765480,-1332.370696,-13471.748144,0.000000
22555.765813,9400.615463,-8808.450710,4826.401637
22555.766146,4663.297435,-10362.883188,3064.381992
22555.766479,7105.977043,-8364.327145,5975.544884
22555.766812,4663.297435,-13027.624579,4213.525239
22555.767145,-1258.350101,-11843.295072,-1455.581446
22555.767478,2072.576638,-9104.533087,3294.210641
22555.767811,-3849.070898,-7179.997637,-2451.505594
22555.768143,-1850.514855,-5773.606348,-1991.848295
22555.768476,-6809.894666,-4589.276840,-4749.792088
22555.768809,-1406.391290,-11177.109724,-383.047749
22555.769142,-1702.473667,-6291.750507,-459.657299
22555.769475,2812.782580,-9844.739029,-306.438199
22555.769808,222.061783,-15100.201217,3677.258390
22555.770141,296.082377,-5403.503377,1225.752797
22555.770474,0.000000,-12657.521608,2528.115143
22555.770807,5847.626942,-10362.883188,4519.963438
22555.771140,5847.626942,-7179.997637,3677.258390
22555.771473,-1480.411884,-9992.780217,1455.581446
22555.771806,1110.308913,-5625.565159,-4366.744339
22555.772139,-9104.533087,-13471.748144,-3600.648841
22555.772472,-1258.350101,-6513.812290,-3447.429741
22555.772805,-4959.379811,-8512.368333,-1532.190996
22555.773138,-3552.988522,-6217.729913,-612.876398
22555.773471,-4737.318029,-6587.832884,2834.553343
22555.773804,4071.132681,-3701.029710,153.219100
22555.774137,2368.659014,-9844.739029,3064.381992
22555.774469,4737.318029,-10140.821405,2604.724693
22555.774802,5625.565159,-15174.221811,1225.752797
22555.775135,-1184.329507,-14730.098246,2911.162892
22555.775468,5699.585753,-7920.203579,-306.438199
22555.775801,-1406.391290,-10658.965565,-766.095498
22555.776134,4663.297435,-8290.306550,-2528.115143
22555.776467,-2960.823768,-9178.553681,-1915.238745
22555.776800,-1850.514855,-7328.038826,-4903.011187
22555.777133,-3552.988522,-7772.162391,306.438199
22555.777466,-2072.576638,-7179.997637,2757.943793
22555.777799,1702.473667,-10658.965565,6971.469032
22555.778132,-1850.514855,-3256.906145,2987.772442
22555.778465,-1480.411884,-7920.203579,-2757.943793
22555.778798,1554.432478,-11399.171507,2604.724693
22555.779131,3552.988522,-4219.173869,-1225.752797
22555.779464,5847.626942,-12435.459826,2987.772442
22555.779797,296.082377,-13175.665768,0.000000
22555.780130,-74.020594,-12435.459826,-5592.497135
22555.780463,-5329.482782,-12213.398043,-6128.763984
22555.780796,888.247130,-5403.503377,-5515.887586
22555.781128,1776.494261,-13175.665768,-76.609550
22555.781461,1850.514855,-10807.006753,5209.449386
22555.781794,1554.432478,-9178.553681,5439.278036
22555.782127,4663.297435,-8142.265362,8503.660028
22555.782460,5847.626942,-5403.503377,7354.516781
22555.782793,5255.462188,-7105.977043,6665.030833
22555.783126,1110.308913,-8290.306550,2068.457845
22555.783459,-3552.988522,-7179.997637,-612.876398
22555.783792,-4145.153275,-5995.668130,-2451.505594
22555.784125,-3330.926739,-7328.038826,-7584.345430
22555.784458,-296.082377,-10436.903782,-4136.915689
22555.784791,-3330.926739,-8142.265362,-12334.137518
22555.785124,-3034.844362,-20133.601622,-2834.553343
22555.785457,-3552.988522,-13545.768739,3370.820191
22555.785790,3775.050304,-8290.306550,2451.505594
22555.786123,7031.956449,-10066.800811,12180.918418
22555.786456,6809.894666,-1258.350101,6128.763984
22555.786789,8660.409521,-10288.862594,11261.603821
22555.787122,1850.514855,-5403.503377,5209.449386
22555.787455,592.164754,-8364.327145,3370.820191
22555.787787,-5995.668130,-10362.883188,-3753.867940
22555.788120,-5625.565159,-6291.750507,-9193.145976
22555.788453,-6365.771101,-11621.233289,-5592.497135
22555.788786,-4293.194464,-6143.709319,-5056.230287
22555.789119,-3849.070898,-9548.656652,-5209.449386
22555.789452,-6143.709319,-11695.253884,-1915.238745
22555.789785,-666.185348,-8882.471304,-1302.362347
22555.790118,1628.453072,-10288.862594,7354.516781
22555.790451,9400.615463,-6513.812290,9116.536426
22555.790784,5847.626942,-9548.656652,3064.381992
22555.791117,444.123565,-11917.315666,2757.943793
22555.791450,2294.638420,-7105.977043,1762.019645
22555.791783,-2146.597232,-9474.636058,-3217.601092
22555.792116,4441.235652,-8438.347739,1378.971896
22555.792449,-1998.556043,-10066.800811,-842.705048
22555.792782,-3849.070898,-7179.997637,-5515.887586
22555.793115,-7105.977043,-5995.668130,306.438199
22555.793448,-3034.844362,-9178.553681,-6052.154434
22555.793781,5255.462188,-5921.647536,2374.896044
22555.794113,1776.494261,-11917.315666,7660.954980
22555.794446,1406.391290,-7624.121203,0.000000
22555.794779,-1332.370696,-7254.018232,-995.924147
22555.795112,148.041188,-11695.253884,-4443.353888
22555.795445,5107.421000,-10732.986159,1838.629195
22555.795778,2886.803174,-17468.860231,7124.688131
22555.796111,2368.659014,-8142.265362,2374.896044
22555.796444,-5995.668130,-8364.327145,-4903.011187
22555.796777,1184.329507,-3627.009116,-1915.238745
22555.797110,8216.285956,-4737.318029,4826.401637
22555.797443,3552.988522,-9548.656652,8273.831378
22555.797776,2368.659014,-4811.338623,306.438199
22555.798109,-4811.338623,-14063.912898,-1302.362347
22555.798442,296.082377,-7031.956449,-3064.381992
22555.798775,1628.453072,-9474.636058,229.828649
22555.799108,6439.791695,-14211.954086,3447.429741
22555.799441,-1184.329507,-10140.821405,0.000000
22555.799774,-4737.318029,-11621.233289,-689.485948
22555.800107,-3627.009116,-7328.038826,-3983.696590
22555.800440,1184.329507,-5995.668130,2145.067394
22555.800772,5551.544565,-5699.585753,3524.039291
22555.801105,-2294.638420,-9918.759623,536.266849
22555.801438,-5921.647536,-9400.615463,-5822.325785
22555.801771,-5625.565159,-5699.585753,-766.095498
22555.802104,2294.638420,-9178.553681,536.266849
22555.802437,10140.821405,-10214.842000,9729.412825
22555.802770,2664.741391,-8438.347739,5362.668486
22555.803103,0.000000,-7772.162391,-1532.190996
22555.803436,-1406.391290,-9178.553681,-1302.362347
22555.803769,3182.885551,-16580.613101,-76.609550
22555.804102,74.020594,-11325.150913,4826.401637
22555.804435,-2960.823768,-5403.503377,-4290.134789
22555.804768,-7105.977043,-12435.459826,-9346.365076
22555.805101,-7179.997637,-3034.844362,-9193.145976
22555.805434,-74.020594,-12879.583391,995.924147
22555.805767,7105.977043,-6957.935855,6665.030833
22555.806100,2368.659014,-13989.892304,4903.011187
22555.806433,592.164754,-9548.656652,6435.202183
22555.806766,2294.638420,-3256.906145,842.705048
22555.807099,5033.400406,-10732.986159,6128.763984
22555.807431,11029.068536,-5921.647536,6971.469032
22555.807764,-74.020594,-10955.047942,-1915.238745
22555.808097,-3849.070898,-5403.503377,-6435.202183
22555.808430,-9030.512492,-10436.903782,-9269.755526
22555.808763,-2886.803174,-11621.233289,-4213.525239
22555.809096,-962.267725,-9178.553681,-2221.676944
22555.809429,-4737.318029,-12509.480420,0.000000
22555.809762,-666.185348,-5995.668130,-2451.505594
22555.810095,2294.638420,-9474.636058,2987.772442
22555.810428,4145.153275,-6587.832884,6435.202183
22555.810761,3849.070898,-10140.821405,6435.202183
22555.811094,5033.400406,-11325.150913,5286.058936
22555.811427,814.226536,-7698.141797,2451.505594
22555.811759,3034.844362,-4589.276840,459.657299
22555.812092,4219.173869,-8586.388927,0.000000
22555.812425,-74.020594,-13027.624579,-76.609550
22555.812758,-74.020594,-3849.070898,-9882.631924
22555.813091,-4737.318029,-13693.809927,-2451.505594
22555.813424,-1554.432478,-8882.471304,-2528.115143
22555.813757,-1258.350101,-10362.883188,229.828649
22555.814090,-4441.235652,-8808.450710,6052.154434
22555.814423,1776.494261,-2738.761985,-2451.505594
22555.814756,1702.473667,-12287.418637,4826.401637
22555.815089,6809.894666,-5847.626942,5362.668486
22555.815421,-1406.391290,-17172.777854,5439.278036
22555.815754,2368.659014,-3701.029710,-766.095498
22555.816087,-4663.297435,-15396.283594,-766.095498
22555.816420,518.144159,-2738.761985,-1225.752797
22555.816753,592.164754,-6143.709319,-2451.505594
22555.817086,-4737.318029,-10732.986159,0.000000
22555.817419,1998.556043,-3552.988522,-5592.497135
22555.817752,-4145.153275,-12509.480420,1225.752797
22555.818085,4145.153275,-9252.574275,3600.648841
22555.818418,0.000000,-12065.356855,3064.381992
22555.818751,0.000000,-11843.295072,3830.477490
22555.819084,-3701.029710,-7105.977043,689.485948
22555.819417,-74.020594,-7105.977043,-2221.676944
22555.819750,2294.638420,-10510.924376,-76.609550
22555.820083,-2294.638420,-10436.903782,2681.334243
22555.820415,-2442.679609,-10510.924376,-5592.497135
22555.820748,-4145.153275,-7772.162391,-919.314598
22555.821081,-1184.329507,-10510.924376,-383.047749
22555.821414,6661.853478,-5921.647536,5056.230287
22555.821747,3108.864956,-9474.636058,7124.688131
22555.822080,7031.956449,-5181.441594,3447.429741
22555.822413,1480.411884,-10214.842000,3677.258390
22555.822746,3923.091493,-8068.244768,612.876398
22555.823079,2960.823768,-12509.480420,4213.525239
22555.823412,0.000000,-9548.656652,0.000000
22555.823745,-1184.329507,-13989.892304,2068.457845
22555.824078,-7179.997637,-8512.368333,-6052.154434
22555.824411,-2294.638420,-7920.203579,-2987.772442
22555.824744,-2146.597232,-7031.956449,-2298.286494
22555.825077,1406.391290,-8068.244768,-306.438199
22555.825409,-4219.173869,-9326.594869,536.266849
22555.825742,-1258.350101,-9474.636058,-2068.457845
22555.826075,7031.956449,-6809.894666,7277.907231
22555.826408,1776.494261,-5403.503377,6128.763984
22555.826741,9474.636058,-10732.986159,8503.660028
22555.827074,5255.462188,-9770.718434,2604.724693
22555.827407,2960.823768,-11917.315666,0.000000
22555.827740,1702.473667,-11695.253884,0.000000
22555.828073,-1110.308913,-11325.150913,-4979.620737
22555.828406,-3997.112087,-14804.118840,-3217.601092
22555.828739,-4071.132681,-4737.318029,-4979.620737
22555.829072,-5033.400406,-6735.874072,-7354.516781
22555.829405,-3552.988522,-6735.874072,-76.609550
22555.829738,2294.638420,-7846.182985,1532.190996
22555.830070,0.000000,-7772.162391,9806.022374
22555.830403,0.000000,-8660.409521,7507.735880
22555.830736,0.000000,-5699.585753,2451.505594
22555.831069,1924.535449,-7031.956449,1762.019645
22555.831402,2664.741391,-9474.636058,0.000000
22555.831735,0.000000,-9770.718434,-536.266849
22555.832068,-3923.091493,-8364.327145,-5822.325785
22555.832401,-962.267725,-11621.233289,-1991.848295
22555.832734,1184.329507,-8808.450710,76.609550
22555.833067,-148.041188,-10510.924376,-76.609550
22555.833400,1110.308913,-11251.130318,-76.609550
22555.833733,-3034.844362,-10955.047942,-3370.820191
22555.834066,-888.247130,-10881.027347,0.000000
22555.834399,888.247130,-8882.471304,8503.660028
22555.834732,3330.926739,-962.267725,0.000000
22555.835064,592.164754,-16950.716072,7048.078582
22555.835397,1998.556043,-1258.350101,0.000000
22555.835730,-4959.379811,-15692.365970,-1915.238745
22555.836063,1702.473667,-4811.338623,1225.752797
22555.836396,-370.102971,-5033.400406,-1302.362347
22555.836729,-3923.091493,-8364.327145,-3064.381992
22555.837062,3256.906145,-5625.565159,-1302.362347
22555.837395,-1258.350101,-16580.613101,-1302.362347
22555.837728,6143.709319,-6439.791695,3677.258390
22555.838061,2886.803174,-14211.954086,5439.278036
22555.838394,2590.720797,-10140.821405,1838.629195
22555.838727,-2368.659014,-10584.944971,-2911.162892
22555.839060,74.020594,-11547.212695,153.219100
22555.839393,5329.482782,-3627.009116,76.609550
22555.839726,3701.029710,-11325.150913,3064.381992
22555.840058,9400.615463,-4737.318029,2374.896044
22555.840391,962.267725,-8660.409521,-1838.629195
22555.840724,6661.853478,-3034.844362,-3064.381992
22555.841057,4145.153275,-7772.162391,-4443.353888
22555.841390,5551.544565,-8882.471304,-4673.182538
22555.841723,7328.038826,-9992.780217,-1149.143247
22555.842056,7328.038826,-12213.398043,2068.457845
22555.842389,13545.768739,-12287.418637,6358.592633
22555.842722,8586.388927,-13101.645173,6435.202183
22555.843055,13545.768739,-9474.636058,2987.772442
22555.843388,5847.626942,-11325.150913,2451.505594
22555.843721,11177.109724,-6513.812290,2987.772442
22555.844054,5847.626942,-11695.253884,-76.609550
22555.844387,4663.297435,-5847.626942,-1915.238745
22555.844720,4663.297435,-4737.318029,-2528.115143
22555.845052,4145.153275,-6735.874072,1838.629195
22555.845385,4737.318029,-74.020594,-7048.078582
22555.845718,4663.297435,-18949.272115,-1608.800546
22555.846051,5329.482782,-5403.503377,306.438199
22555.846384,4071.132681,-12805.562797,306.438199
22555.846717,12065.356855,-12435.459826,9422.974625
22555.847050,10584.944971,-10658.965565,3600.648841
22555.847383,10881.027347,-14878.139434,2757.943793
22555.847716,10955.047942,-5921.647536,3064.381992
22555.848049,4219.173869,-9474.636058,-4213.525239
22555.848382,4737.318029,-8364.327145,1225.752797
22555.848715,4071.132681,-9178.553681,-229.828649
22555.849048,5847.626942,-7846.182985,-536.266849
22555.849381,-1776.494261,-6587.832884,-1225.752797
22555.849714,5995.668130,-4145.153275,-4366.744339
22555.850046,4145.153275,-5403.503377,0.000000
22555.850379,11769.274478,-7994.224174,6052.154434
22555.850712,9400.615463,-10066.800811,1608.800546
22555.851045,5329.482782,-12213.398043,4443.353888
22555.851378,10955.047942,-11843.295072,3064.381992
22555.851711,8808.450710,-11917.315666,1838.629195
22555.852044,12065.356855,-8586.388927,-536.266849
22555.852377,5403.503377,-10658.965565,-2834.553343
22555.852710,5625.565159,-8068.244768,-2451.505594
22555.853043,4737.318029,-5995.668130,-3064.381992
22555.853376,9400.615463,-13619.789333,-1302.362347
22555.853709,9770.718434,-3627.009116,153.219100
22555.854042,7105.977043,-8660.409521,2604.724693
22555.854375,12953.603985,-4737.318029,842.705048
22555.854708,7105.977043,-11325.150913,3064.381992
22555.855040,12065.356855,-7031.956449,153.219100
22555.855373,9326.594869,-12435.459826,3600.648841
22555.855706,10732.986159,-8512.368333,-1225.752797
22555.856039,9400.615463,-13323.706956,-76.609550
22555.856372,9400.615463,-12435.459826,-3140.991542
22555.856705,9474.636058,-5995.668130,0.000000
22555.857038,6217.729913,-5995.668130,4290.134789
22555.857371,14582.057057,-4145.153275,-3140.991542
22555.857704,9696.697840,-11547.212695,-689.485948
22555.858037,14656.077652,-4737.318029,-1608.800546
22555.858370,11917.315666,-12139.377449,536.266849
22555.858703,14804.118840,-9548.656652,3983.696590
22555.859036,14211.954086,-8142.265362,-689.485948
22555.859369,15396.283594,-10732.986159,0.000000
22555.859701,17764.942608,-14211.954086,5745.716235
22555.860034,11769.274478,-11251.130318,-689.485948
22555.860367,9474.636058,-9548.656652,0.000000
22555.860700,12657.521608,-8882.471304,1455.581446
22555.861033,9548.656652,-6957.935855,76.609550
22555.861366,10362.883188,-3775.050304,2145.067394
22555.861699,9400.615463,-6587.832884,-995.924147
22555.862032,8660.409521,-5107.421000,536.266849
22555.862365,9622.677246,-9548.656652,3217.601092
22555.862698,11399.171507,-6069.688724,0.000000
22555.863031,9696.697840,-10732.986159,0.000000
22555.863364,11695.253884,-9326.594869,1685.410096
22555.863697,9400.615463,-13249.686362,2068.457845
22555.864030,8216.285956,-10955.047942,-3447.429741
22555.864363,7994.224174,-9844.739029,-3677.258390
22555.864695,7105.977043,-13249.686362,2681.334243
22555.865028,9474.636058,-8290.306550,1838.629195
22555.865361,7624.121203,-8882.471304,-76.609550
22555.865694,9992.780217,-8586.388927,2374.896044
22555.866027,8660.409521,-6291.750507,2987.772442
22555.866360,9400.615463,-7105.977043,2987.772442
22555.866693,7402.059420,-6291.750507,1762.019645
22555.867026,9104.533087,-5995.668130,0.000000
22555.867359,9474.636058,-10066.800811,4519.963438
22555.867692,7031.956449,-9474.636058,-76.609550
22555.868025,4663.297435,-9474.636058,-3447.429741
22555.868358,5699.585753,-12435.459826,-3753.867940
22555.868691,6809.894666,-11177.109724,-229.828649
22555.869024,7698.141797,-8512.368333,-536.266849
22555.869357,6883.915261,-10658.965565,-689.485948
22555.869689,8216.285956,-11843.295072,-76.609550
22555.870022,9474.636058,-9696.697840,5515.887586
22555.870355,15914.427753,-7105.977043,4826.401637
22555.870688,11251.130318,-6587.832884,4290.134789
22555.871021,10658.965565,-6587.832884,1225.752797
22555.871354,13397.727550,-8956.491898,306.438199
22555.871687,12953.603985,-8142.265362,1762.019645
22555.872020,11991.336260,-9696.697840,0.000000
22555.872353,8512.368333,-10140.821405,-3600.648841
22555.872686,6143.709319,-10288.862594,-5822.325785
22555.873019,8290.306550,-11843.295072,-1302.362347
22555.873352,11769.274478,-9474.636058,-76.609550
22555.873685,10584.944971,-7772.162391,0.000000
22555.874018,14137.933492,-8290.306550,5898.935335
22555.874351,12435.459826,-4515.256246,2604.724693
22555.874683,13545.768739,-7105.977043,3907.087040
22555.875016,13471.748144,-7698.141797,1915.238745
22555.875349,13619.789333,-10584.944971,1762.019645
22555.875682,10066.800811,-9548.656652,919.314598
22555.876015,12361.439231,-9474.636058,-6511.811733
22555.876348,7105.977043,-11325.150913,-4903.011187
22555.876681,7105.977043,-11917.315666,-2451.505594
22555.877014,14137.933492,-13619.789333,-76.609550
22555.877347,11251.130318,-9844.739029,2604.724693
22555.877680,12213.398043,-9474.636058,2834.553343
22555.878013,10955.047942,-9326.594869,5132.839837
22555.878346,16210.510130,-5181.441594,6511.811733
22555.878679,14211.954086,-5403.503377,6894.859482
22555.879012,16210.510130,-5921.647536,4366.744339
22555.879345,12805.562797,-10288.862594,2757.943793
22555.879677,6439.791695,-11103.089130,-2528.115143
22555.880010,4071.132681,-9770.718434,-6894.859482
22555.880343,814.226536,-10732.986159,-8886.707777
22555.880676,4737.318029,-11769.274478,-2528.115143
22555.881009,8808.450710,-8290.306550,-1302.362347
22555.881342,9474.636058,-4219.173869,1532.190996
22555.881675,12953.603985,-7698.141797,6665.030833
22555.882008,13397.727550,-7846.182985,6971.469032
22555.882341,12509.480420,-8438.347739,6052.154434
22555.882674,8512.368333,-9548.656652,1532.190996
22555.883007,6513.812290,-8956.491898,-2451.505594
22555.883340,3849.070898,-9548.656652,0.000000
22555.883673,8216.285956,-11843.295072,-76.609550
22555.884006,5773.606348,-11251.130318,-1302.362347
22555.884339,4071.132681,-9844.739029,-1225.752797
22555.884671,5329.482782,-8068.244768,689.485948
22555.885004,8290.306550,-5921.647536,1762.019645
22555.885337,11621.233289,-3552.988522,1532.190996
22555.885670,11695.253884,-4515.256246,842.705048
22555.886003,14137.933492,-9178.553681,1762.019645
22555.886336,9622.677246,-10140.821405,2145.067394
22555.886669,9400.615463,-14211.954086,-3140.991542
22555.887002,3552.988522,-15470.304188,-3677.258390
22555.887335,4737.318029,-17172.777854,-383.047749
22555.887668,6439.791695,-11843.295072,612.876398
22555.888001,8512.368333,-7105.977043,3294.210641
22555.888334,9474.636058,-4515.256246,5975.544884
22555.888667,8512.368333,-4293.194464,5286.058936
22555.889000,6143.709319,-2442.679609,1608.800546
22555.889333,4441.235652,-8734.430116,-76.609550
22555.889665,1776.494261,-5995.668130,-4903.011187
22555.889998,3552.988522,-10732.986159,-76.609550
22555.890331,5255.462188,-8882.471304,-2987.772442
22555.890664,3923.091493,-6735.874072,-5898.935335
22555.890997,5033.400406,-8364.327145,-4826.401637
22555.891330,6143.709319,-9992.780217,-3524.039291
22555.891663,7328.038826,-10881.027347,-1915.238745
22555.891996,6513.812290,-11917.315666,-1225.752797
22555.892329,7031.956449,-10658.965565,-4443.353888
22555.892662,5329.482782,-10436.903782,-689.485948
22555.892995,9400.615463,-11251.130318,-689.485948
22555.893328,5551.544565,-6587.832884,-4596.572988
22555.893661,4293.194464,-7105.977043,-5209.449386
22555.893994,4145.153275,-9548.656652,-3294.210641
22555.894326,4959.379811,-8586.388927,-3830.477490
22555.894659,6439.791695,-7105.977043,-3447.429741
22555.894992,7402.059420,-6735.874072,-2451.505594
22555.895325,8216.285956,-5847.626942,-4749.792088
22555.895658,5107.421000,-7031.956449,-6358.592633
22555.895991,3034.844362,-9770.718434,-9576.193725
22555.896324,370.102971,-11917.315666,-11338.213370
22555.896657,0.000000,-11917.315666,-11031.775171
22555.896990,1702.473667,-12435.459826,-11721.261119
22555.897323,814.226536,-9844.739029,-12870.404366
22555.897656,1184.329507,-9252.574275,-9499.584175
22555.897989,4663.297435,-9474.636058,-8656.879127
22555.898322,4737.318029,-6735.874072,-7048.078582
22555.898655,4737.318029,-6587.832884,-8120.612279
22555.898988,4663.297435,-8438.347739,-9882.631924
22555.899320,4145.153275,-8734.430116,-10801.946522
22555.899653,4367.215058,-11251.130318,-10495.508323
22555.899986,2294.638420,-9770.718434,-15628.348159
22555.900319,-1184.329507,-11325.150913,-17160.539155
22555.900652,-740.205942,-13027.624579,-17237.148705
22555.900985,-1554.432478,-9548.656652,-19305.606550
22555.901318,-296.082377,-13619.789333,-16317.834107
22555.901651,-2220.617826,-12953.603985,-15858.176809
22555.901984,-2738.761985,-12731.542202,-15092.081311
22555.902317,-740.205942,-11177.109724,-13100.233016
22555.902650,1184.329507,-8882.471304,-12334.137518
22555.902983,2294.638420,-6291.750507,-13176.842566
22555.903316,3701.029710,-9400.615463,-9882.631924
22555.903649,3478.967927,-9178.553681,-13559.890315
22555.903982,592.164754,-5995.668130,-16854.100956
22555.904314,2294.638420,-9474.636058,-18003.244203
22555.904647,592.164754,-11251.130318,-18922.558801
22555.904980,-1480.411884,-13693.809927,-19152.387450
22555.905313,-3849.070898,-15396.283594,-19458.825649
22555.905646,-4145.153275,-14285.974681,-18386.291952
22555.905979,-1998.556043,-15322.262999,-12563.966167
22555.906312,4367.215058,-13619.789333,-8656.879127
22555.906645,3478.967927,-7772.162391,-8273.831378
22555.906978,1480.411884,-6587.832884,-5898.935335
22555.907311,4071.132681,-7698.141797,-8350.440928
22555.907644,3256.906145,-6957.935855,-9346.365076
22555.907977,2738.761985,-7179.997637,-11108.384721
22555.908310,-592.164754,-8956.491898,-14402.595362
22555.908643,-2368.659014,-10584.944971,-16241.224558
22555.908976,-2516.700203,-11843.295072,-16164.615008
22555.909308,-2960.823768,-11029.068536,-14479.204912
22555.909641,-1998.556043,-11695.253884,-11951.089769
22555.909974,-74.020594,-13619.789333,-9882.631924
22555.910307,740.205942,-11843.295072,-6205.373534
22555.910640,0.000000,-11325.150913,-1532.190996
22555.910973,3182.885551,-9474.636058,-1302.362347
22555.911306,3182.885551,-8142.265362,-4673.182538
22555.911639,4071.132681,-5921.647536,-6205.373534
22555.911972,3478.967927,-9474.636058,-6205.373534
22555.912305,592.164754,-9992.780217,-7048.078582
22555.912638,-2664.741391,-8512.368333,-10878.556072
22555.912971,-3552.988522,-9252.574275,-11031.775171
22555.913304,-74.020594,-11547.212695,-8044.002729
22555.913637,0.000000,-7772.162391,-4443.353888
22555.913970,1702.473667,-9474.636058,-4519.963438
22555.914303,0.000000,-10658.965565,-3753.867940
22555.914635,1406.391290,-11843.295072,-76.609550
22555.914968,2294.638420,-10732.986159,-1838.629195
22555.915301,2368.659014,-8364.327145,0.000000
22555.915634,1998.556043,-8882.471304,-2604.724693
22555.915967,0.000000,-9992.780217,-4903.011187
22555.916300,-74.020594,-9474.636058,-7431.126331
22555.916633,-4737.318029,-8364.327145,-7048.078582
22555.916966,-2368.659014,-6291.750507,-7354.516781
22555.917299,-74.020594,-8290.306550,-8963.317327
22555.917632,-2368.659014,-9548.656652,-6128.763984
22555.917965,1702.473667,-9474.636058,-4979.620737
22555.918298,2442.679609,-10658.965565,-1149.143247
22555.918631,3256.906145,-6439.791695,-2528.115143
22555.918964,2516.700203,-9326.594869,-4290.134789
22555.919297,2960.823768,-10732.986159,-2911.162892
22555.919630,1184.329507,-10140.821405,-3217.601092
22555.919962,962.267725,-13027.624579,-7660.954980
22555.920295,-962.267725,-4811.338623,-11644.651570
22555.920628,-74.020594,-13619.789333,-8656.879127
22555.920961,-1110.308913,-6587.832884,-9806.022374
22555.921294,-518.144159,-7476.080014,-12257.527968
22555.921627,-1998.556043,-10955.047942,-10648.727422
22555.921960,-222.061783,-7105.977043,-10189.070123
22555.922293,0.000000,-12657.521608,-6741.640382
22555.922626,4663.297435,-10955.047942,-2834.553343
22555.922959,2294.638420,-12583.501014,-7277.907231
22555.923292,1480.411884,-9548.656652,-8273.831378
22555.923625,4071.132681,-11695.253884,-5286.058936
22555.923958,1554.432478,-9548.656652,-7967.393179
22555.924291,1036.288319,-8956.491898,-9576.193725
22555.924624,-1036.288319,-11695.253884,-11184.994271
22555.924957,-1184.329507,-7846.182985,-13253.452115
22555.925290,-1184.329507,-10436.903782,-14709.033562
22555.925622,-1480.411884,-9474.636058,-12334.137518
22555.925955,-1924.535449,-8660.409521,-12947.013916
22555.926288,0.000000,-7402.059420,-12793.794817
22555.926621,518.144159,-8734.430116,-12257.527968
22555.926954,2590.720797,-10436.903782,-10418.898773
22555.927287,4885.359217,-15100.201217,-3753.867940
22555.927620,3478.967927,-14211.954086,-6205.373534
22555.927953,-74.020594,-5403.503377,-13483.280765
22555.928286,-666.185348,-10658.965565,-13100.233016
22555.928619,1184.329507,-6957.935855,-13483.280765
22555.928952,666.185348,-8290.306550,-15858.176809
22555.929285,0.000000,-12065.356855,-13789.718964
22555.929618,-3552.988522,-8364.327145,-15321.909960
22555.929951,-1258.350101,-10362.883188,-16547.662757
22555.930284,1998.556043,-11843.295072,-13559.890315
22555.930617,74.020594,-12509.480420,-12257.527968
22555.930950,0.000000,-9844.739029,-9806.022374
22555.931282,0.000000,-9548.656652,-12870.404366
22555.931615,666.185348,-8882.471304,-10878.556072
22555.931948,444.123565,-7402.059420,-12793.794817
22555.932281,2590.720797,-12213.398043,-11568.042020
22555.932614,4663.297435,-16580.613101,-8656.879127
22555.932947,-3182.885551,-10140.821405,-13483.280765
22555.933280,-2442.679609,-9474.636058,-17237.148705
22555.933613,-3182.885551,-8364.327145,-15934.786358
22555.933946,1184.329507,-9178.553681,-11951.089769
22555.934279,4367.215058,-9474.636058,-6205.373534
22555.934612,1406.391290,-13249.686362,-7431.126331
22555.934945,1110.308913,-10955.047942,-7354.516781
22555.935278,1998.556043,-5329.482782,-7507.735880
22555.935611,3478.967927,-9992.780217,-4366.744339
22555.935944,5921.647536,-11917.315666,-3140.991542
22555.936277,-1480.411884,-5107.421000,-12257.527968
22555.936610,-4071.132681,-7772.162391,-14709.033562
22555.936942,-3849.070898,-16136.489536,-9882.631924
22555.937275,-2146.597232,-8882.471304,-13100.233016
22555.937608,-1258.350101,-8882.471304,-10418.898773
22555.937941,-2072.576638,-9548.656652,-6052.154434
22555.938274,-2220.617826,-13397.727550,-5592.497135
22555.938607,2220.617826,-4737.318029,-5745.716235
22555.938940,4663.297435,-4737.318029,-3140.991542
22555.939273,0.000000,-8364.327145,612.876398
22555.939606,2886.803174,-8882.471304,-1302.362347
22555.939939,4071.132681,-12731.542202,-6205.373534
22555.940272,0.000000,-4219.173869,-8580.269578
22555.940605,-1554.432478,-9918.759623,-8273.831378
22555.940938,-2442.679609,-15174.221811,-6281.983084
22555.941271,-2664.741391,-12287.418637,-7584.345430
22555.941604,-2368.659014,-9844.739029,-7737.564530
22555.941937,-74.020594,-10362.883188,-5286.058936
22555.942269,370.102971,-10214.842000,1608.800546
22555.942602,148.041188,-9178.553681,2298.286494
22555.942935,3034.844362,-8586.388927,4519.963438
22555.943268,2960.823768,-7328.038826,4903.011187
22555.943601,3775.050304,-7105.977043,2374.896044
22555.943934,1332.370696,-5403.503377,306.438199
22555.944267,2368.659014,-12435.459826,2374.896044
22555.944600,-222.061783,-10362.883188,-2374.896044
22555.944933,-3775.050304,-8512.368333,-3370.820191
22555.945266,-3775.050304,-7254.018232,-6435.202183
22555.945599,-3478.967927,-9104.533087,-3447.429741
22555.945932,-1776.494261,-12805.562797,1302.362347
22555.946265,2294.638420,-13027.624579,6665.030833
22555.946598,4663.297435,-8290.306550,7890.783629
22555.946931,1776.494261,-4811.338623,7660.954980
22555.947264,4441.235652,-6513.812290,9116.536426
22555.947597,4663.297435,-7698.141797,4290.134789
22555.947929,2960.823768,-9548.656652,5209.449386
22555.948262,-74.020594,-7698.141797,-1685.410096
22555.948595,-1924.535449,-10214.842000,-1685.410096
22555.948928,-4071.132681,-9252.574275,-1378.971896
22555.949261,-4515.256246,-9622.677246,-3217.601092
22555.949594,-1850.514855,-10436.903782,-3753.867940
22555.949927,-2368.659014,-11917.315666,3677.258390
22555.950260,1998.556043,-12435.459826,10955.165621
22555.950593,2294.638420,-2368.659014,6358.592633
22555.950926,740.205942,-7105.977043,6971.469032
22555.951259,5625.565159,-7179.997637,11491.432470
22555.951592,5847.626942,-10214.842000,10189.070123
22555.951925,5181.441594,-7179.997637,7737.564530
22555.952258,0.000000,-8586.388927,2145.067394
22555.952591,-5477.523971,-6735.874072,-4903.011187
22555.952924,-2442.679609,-7920.203579,-2834.553343
22555.953257,-666.185348,-12435.459826,-1915.238745
22555.953589,-1776.494261,-10214.842000,995.924147
22555.953922,-2368.659014,-7179.997637,0.000000
22555.954255,-74.020594,-12953.603985,3447.429741
22555.954588,2664.741391,-6735.874072,7660.954980
22555.954921,4663.297435,-7105.977043,8810.098227
22555.955254,7031.956449,-9474.636058,8503.660028
22555.955587,1776.494261,-8956.491898,5745.716235
22555.955920,-74.020594,-6143.709319,-306.438199
22555.956253,518.144159,-1258.350101,-3677.258390
22555.956586,-592.164754,-11695.253884,-689.485948
22555.956919,-592.164754,-10436.903782,-5515.887586
22555.957252,-1554.432478,-15396.283594,-1915.238745
22555.957585,-2368.659014,-10955.047942,-1915.238745
22555.957918,-1776.494261,-6217.729913,-2221.676944
22555.958251,-74.020594,-11843.295072,2834.553343
22555.958584,3256.906145,-10955.047942,6665.030833
22555.958917,592.164754,-8364.327145,2911.162892
22555.959249,1036.288319,-6439.791695,0.000000
22555.959582,2294.638420,-8290.306550,3294.210641
22555.959915,6439.791695,-5921.647536,4213.525239
22555.960248,4737.318029,-4219.173869,1225.752797
22555.960581,-74.020594,-13027.624579,-6205.373534
22555.960914,-3256.906145,-7920.203579,-10725.336972
22555.961247,-4145.153275,-11029.068536,-7967.393179
22555.961580,-1258.350101,-13619.789333,-6205.373534
22555.961913,-2516.700203,-11843.295072,-3140.991542
22555.962246,-2590.720797,-11843.295072,-2374.896044
22555.962579,370.102971,-12139.377449,383.047749
22555.962912,1480.411884,-5995.668130,0.000000
22555.963245,4145.153275,-10658.965565,4213.525239
22555.963578,4367.215058,-10658.965565,6971.469032
22555.963911,-1036.288319,-4811.338623,306.438199
22555.964244,3478.967927,-9178.553681,2374.896044
22555.964576,814.226536,-4811.338623,-5515.887586
22555.964909,-148.041188,-6513.812290,-8963.317327
22555.965242,-1406.391290,-10362.883188,-8503.660028
22555.965575,-3775.050304,-13249.686362,-8886.707777
22555.965908,-2368.659014,-11325.150913,-4290.134789
22555.966241,-444.123565,-14211.954086,-2528.115143
22555.966574,1554.432478,-10732.986159,-2451.505594
22555.966907,148.041188,-9548.656652,1532.190996
22555.967240,2812.782580,-11843.295072,2987.772442
22555.967573,1776.494261,-8808.450710,3447.429741
22555.967906,2146.597232,-9326.594869,1991.848295
22555.968239,740.205942,-5699.585753,842.705048
22555.968572,740.205942,-5847.626942,-2374.896044
22555.968905,-74.020594,-6217.729913,-4979.620737
22555.969238,-1258.350101,-7105.977043,-8044.002729
22555.969571,-4441.235652,-11029.068536,-2451.505594
22555.969904,-2812.782580,-10955.047942,-689.485948
22555.970236,-74.020594,-11843.295072,-3140.991542
22555.970569,1184.329507,-10436.903782,3294.210641
22555.970902,2294.638420,-9030.512492,2298.286494
22555.971235,2886.803174,-13397.727550,3907.087040
22555.971568,2664.741391,-12583.501014,7431.126331
22555.971901,1998.556043,-9474.636058,6665.030833
22555.972234,2368.659014,-4811.338623,3600.648841
22555.972567,2516.700203,-4737.318029,1685.410096
22555.972900,-962.267725,-7105.977043,-2068.457845
22555.973233,-3552.988522,-7476.080014,-2451.505594
22555.973566,-6513.812290,-10436.903782,-3677.258390
22555.973899,-1258.350101,-8882.471304,-995.924147
22555.974232,-3034.844362,-7105.977043,536.266849
22555.974565,666.185348,-9548.656652,5209.449386
22555.974898,2812.782580,-9548.656652,6435.202183
22555.975231,2368.659014,-12583.501014,8656.879127
22555.975564,1702.473667,-8956.491898,6281.983084
22555.975896,1924.535449,-6735.874072,4903.011187
22555.976229,1110.308913,-11547.212695,6052.154434
22555.976562,-2368.659014,-7476.080014,4749.792088
22555.976895,-74.020594,-8290.306550,-1302.362347
22555.977228,-2368.659014,-6883.915261,1838.629195
22555.977561,0.000000,-5921.647536,2068.457845
22555.977894,-1258.350101,-5551.544565,536.266849
22555.978227,592.164754,-11103.089130,5286.058936
22555.978560,814.226536,-11103.089130,5209.449386
22555.978893,1406.391290,-6809.894666,3447.429741
22555.979226,1554.432478,-10214.842000,3447.429741
22555.979559,2960.823768,-9696.697840,6588.421283
22555.979892,1184.329507,-4811.338623,459.657299
22555.980225,592.164754,-14285.974681,3677.258390
22555.980558,814.226536,-11547.212695,1762.019645
22555.980891,-3256.906145,-7920.203579,-2987.772442
22555.981224,-666.185348,-5773.606348,-2987.772442
22555.981556,-1332.370696,-6735.874072,-4979.620737
22555.981889,-1332.370696,-10881.027347,-2451.505594
22555.982222,1702.473667,-9474.636058,1455.581446
22555.982555,1998.556043,-13027.624579,1149.143247
22555.982888,0.000000,-10732.986159,6511.811733
22555.983221,0.000000,-11325.150913,6665.030833
22555.983554,4071.132681,-7698.141797,1149.143247
22555.983887,2368.659014,-5107.421000,1225.752797
22555.984220,2590.720797,-12509.480420,306.438199
22555.984553,2886.803174,-8734.430116,1455.581446
22555.984886,-2812.782580,-6661.853478,-4136.915689
22555.985219,-3701.029710,-8512.368333,-6435.202183
22555.985552,-1036.288319,-8364.327145,-6128.763984
22555.985885,592.164754,-13027.624579,-4060.306139
22555.986218,518.144159,-11473.192101,-4903.011187
22555.986551,-1628.453072,-9548.656652,0.000000
22555.986883,-2960.823768,-7624.121203,0.000000
22555.987216,2072.576638,-9992.780217,2451.505594
22555.987549,4293.194464,-10732.986159,3983.696590
22555.987882,2738.761985,-11547.212695,2374.896044
22555.988215,1998.556043,-6735.874072,689.485948
22555.988548,-2738.761985,-5403.503377,-3677.258390
22555.988881,-2516.700203,-11177.109724,-1225.752797
22555.989214,962.267725,-9918.759623,1149.143247
22555.989547,-592.164754,-10362.883188,0.000000
22555.989880,-2442.679609,-5921.647536,-4979.620737
22555.990213,-3182.885551,-5477.523971,-9499.584175
22555.990546,2072.576638,-11029.068536,1225.752797
22555.990879,5255.462188,-9474.636058,3600.648841
22555.991212,888.247130,-9844.739029,2757.943793
22555.991545,1184.329507,-10732.986159,3600.648841
22555.991878,814.226536,-8586.388927,-1685.410096
22555.992211,5255.462188,-9252.574275,1915.238745
22555.992543,1776.494261,-9400.615463,459.657299
22555.992876,-3478.967927,-7698.141797,-4749.792088
22555.993209,-3034.844362,-9548.656652,-5515.887586
22555.993542,592.164754,-11547.212695,-1608.800546
22555.993875,-74.020594,-7698.141797,-4979.620737
22555.994208,-1924.535449,-8956.491898,-4290.134789
22555.994541,-1258.350101,-14211.954086,-76.609550
22555.994874,-592.164754,-13027.624579,2145.067394
22555.995207,3478.967927,-9326.594869,7277.907231
22555.995540,3256.906145,-5847.626942,4673.182538
22555.995873,3552.988522,-2442.679609,4290.134789
22555.996206,1702.473667,-5403.503377,0.000000
22555.996539,2516.700203,-12139.377449,-76.609550
22555.996872,814.226536,-9548.656652,-2068.457845
22555.997205,-2072.576638,-10732.986159,-4290.134789
22555.997538,-3552.988522,-10436.903782,-3370.820191
22555.997871,-4071.132681,-9918.759623,-5132.839837
22555.998203,-2294.638420,-9400.615463,-3983.696590
22555.998536,1850.514855,-9400.615463,1685.410096
22555.998869,4071.132681,-8142.265362,4519.963438
22555.999202,2368.659014,-6143.709319,3907.087040
22555.999535,2886.803174,-10658.965565,2987.772442
22555.999868,0.000000,-6291.750507,1532.190996
22556.000201,-74.020594,-13619.789333,-76.609550
22556.000534,2294.638420,-12435.459826,1149.143247
22556.000867,-2294.638420,-9548.656652,-766.095498
22556.001200,-1406.391290,-9474.636058,1072.533697
22556.001533,-2738.761985,-8438.347739,-229.828649
22556.001866,-5329.482782,-7772.162391,919.314598
22556.002199,2294.638420,-9474.636058,2374.896044
22556.002532,592.164754,-8364.327145,8580.269578
22556.002865,4737.318029,-10288.862594,11874.480219
22556.003198,1110.308913,-3256.906145,3907.087040
22556.003530,1406.391290,-8290.306550,4826.401637
22556.003863,3478.967927,-8882.471304,2374.896044
22556.004196,3330.926739,-9548.656652,4366.744339
22556.004529,1998.556043,-8882.471304,-76.609550
22556.004862,-5625.565159,-8364.327145,-2451.505594
22556.005195,-3034.844362,-10658.965565,-3753.867940
22556.005528,0.000000,-13249.686362,-76.609550
22556.005861,-2516.700203,-9474.636058,1149.143247
22556.006194,-2442.679609,-7846.182985,-2068.457845
22556.006527,-2368.659014,-4811.338623,0.000000
22556.006860,1998.556043,-8290.306550,4826.401637
22556.007193,3478.967927,-8364.327145,5515.887586
22556.007526,5625.565159,-9474.636058,10955.165621
22556.007859,4071.132681,-11843.295072,6052.154434
22556.008192,-1554.432478,-4219.173869,1838.629195
22556.008525,-888.247130,-6291.750507,-689.485948
22556.008858,222.061783,-6069.688724,-995.924147
22556.009190,1184.329507,-10066.800811,459.657299
22556.009523,0.000000,-11103.089130,-612.876398
22556.009856,-1258.350101,-11843.295072,-2834.553343
22556.010189,-3552.988522,-8364.327145,-3677.258390
22556.010522,0.000000,-9474.636058,-76.609550
22556.010855,2146.597232,-7105.977043,-1762.019645
22556.011188,1184.329507,-12213.398043,3447.429741
22556.011521,2812.782580,-10066.800811,2757.943793
22556.011854,2738.761985,-6513.812290,1762.019645
22556.012187,148.041188,-1702.473667,-3370.820191
22556.012520,1110.308913,-13619.789333,-383.047749
22556.012853,2294.638420,-8882.471304,-6205.373534
22556.013186,-1776.494261,-13397.727550,-3370.820191
22556.013519,-2368.659014,-12213.398043,-1302.362347
22556.013852,-1850.514855,-7994.224174,-4443.353888
22556.014184,-74.020594,-9474.636058,-76.609550
22556.014517,1110.308913,-6217.729913,-2298.286494
22556.014850,1998.556043,-11769.274478,-536.266849
22556.015183,4515.256246,-11251.130318,1149.143247
22556.015516,0.000000,-7772.162391,1838.629195
22556.015849,2516.700203,-8586.388927,4826.401637
22556.016182,-74.020594,-9178.553681,-1608.800546
22556.016515,0.000000,-7772.162391,-1532.190996
22556.016848,0.000000,-7179.997637,-2451.505594
22556.017181,-74.020594,-11843.295072,-4979.620737
22556.017514,1184.329507,-10584.944971,689.485948
22556.017847,-4441.235652,-6365.771101,-3753.867940
22556.018180,-2294.638420,-9252.574275,-2681.334243
22556.018512,-1184.329507,-9548.656652,-3370.820191
22556.018845,3256.906145,-11991.336260,1455.581446
22556.019178,2812.782580,-6735.874072,1532.190996
22556.019511,-1184.329507,-11103.089130,1378.971896
22556.019844,-74.020594,-11843.295072,4826.401637
22556.020177,1110.308913,-9474.636058,3294.210641
22556.020510,1554.432478,-4959.379811,0.000000
22556.020843,1110.308913,-6513.812290,-2528.115143
22556.021176,-1850.514855,-5107.421000,-7048.078582
22556.021509,2294.638420,-10658.965565,-76.609550
22556.021842,-962.267725,-11695.253884,-76.609550
22556.022175,-2072.576638,-13693.809927,-1072.533697
22556.022508,-3182.885551,-10881.027347,-1455.581446
22556.022840,-962.267725,-7402.059420,-4290.134789
22556.023173,3478.967927,-11769.274478,4826.401637
22556.023506,1184.329507,-5995.668130,7967.393179
22556.023839,4959.379811,-10658.965565,8503.660028
22556.024172,1998.556043,-1776.494261,1762.019645
22556.024505,592.164754,-3627.009116,-3370.820191
22556.024838,1702.473667,-8882.471304,-2604.724693
22556.025171,0.000000,-10066.800811,-3217.601092
22556.025504,-4515.256246,-15470.304188,-4290.134789
22556.025837,-5699.585753,-11621.233289,-5439.278036
22556.026170,-2442.679609,-8882.471304,-4060.306139
22556.026503,3478.967927,-9474.636058,4826.401637
22556.026836,3478.967927,-10658.965565,1762.019645
22556.027168,0.000000,-9696.697840,2451.505594
22556.027501,0.000000,-10732.986159,3064.381992
22556.027834,4885.359217,-9548.656652,8580.269578
22556.028167,5255.462188,-5551.544565,7201.297681
22556.028500,1924.535449,-7031.956449,2145.067394
22556.028833,-1850.514855,-6809.894666,-2221.676944
22556.029166,-4737.318029,-8660.409521,-6128.763984
22556.029499,-1554.432478,-9474.636058,-2834.553343
22556.029832,-74.020594,-11251.130318,-383.047749
22556.030165,-1480.411884,-10140.821405,2451.505594
22556.030498,-74.020594,-9474.636058,3600.648841
22556.030831,592.164754,-12139.377449,4826.401637
22556.031164,1924.535449,-8216.285956,5898.935335
22556.031496,3552.988522,-10658.965565,6128.763984
22556.031829,3478.967927,-7476.080014,6741.640382
22556.032162,2294.638420,-8734.430116,6665.030833
22556.032495,-1258.350101,-5329.482782,-3677.258390
22556.032828,-2960.823768,-7772.162391,-1378.971896
22556.033161,-888.247130,-11251.130318,-383.047749
22556.033494,1110.308913,-5921.647536,-689.485948
22556.033827,-1628.453072,-8364.327145,766.095498
22556.034160,-3701.029710,-9030.512492,-2834.553343
22556.034493,-1184.329507,-11769.274478,1532.190996
22556.034826,1776.494261,-10288.862594,4136.915689
22556.035159,5847.626942,-11843.295072,7890.783629
22556.035492,3256.906145,-11029.068536,8120.612279
22556.035824,2516.700203,-6439.791695,4366.744339
22556.036157,3330.926739,-8734.430116,5286.058936
22556.036490,1776.494261,-5995.668130,0.000000
22556.036823,1184.329507,-10066.800811,-76.609550
22556.037156,-1258.350101,-10066.800811,-1072.533697
22556.037489,-4737.318029,-7179.997637,-3064.381992
22556.037822,-2886.803174,-7624.121203,-1378.971896
22556.038155,-1554.432478,-8290.306550,-2528.115143
22556.038488,888.247130,-11029.068536,2987.772442
22556.038821,2146.597232,-10436.903782,4213.525239
22556.039154,-370.102971,-9326.594869,2451.505594
22556.039487,592.164754,-8956.491898,5515.887586
22556.039820,3256.906145,-9252.574275,9116.536426
22556.040152,5847.626942,-8586.388927,3983.696590
22556.040485,1184.329507,-3627.009116,-2451.505594
22556.040818,-1776.494261,-9474.636058,-5898.935335
22556.041151,-888.247130,-9548.656652,-6741.640382
22556.041484,888.247130,-11547.212695,-2834.553343
22556.041817,-1776.494261,-10881.027347,-76.609550
22556.042150,-2664.741391,-6883.915261,-5056.230287
22556.042483,-1850.514855,-15396.283594,-3753.867940
22556.042816,1776.494261,-8290.306550,2374.896044
22556.043149,814.226536,-7179.997637,612.876398
22556.043482,2960.823768,-12805.562797,8503.660028
22556.043815,4663.297435,-13027.624579,7277.907231
22556.044148,2294.638420,-10066.800811,6358.592633
22556.044481,1702.473667,-5033.400406,3907.087040
22556.044813,296.082377,-3034.844362,-3677.258390
22556.045146,222.061783,-6069.688724,-4060.306139
22556.045479,-4737.318029,-7179.997637,-7967.393179
22556.045812,-1258.350101,-12731.542202,-6818.249932
22556.046145,-3552.988522,-7476.080014,-6741.640382
22556.046478,-3256.906145,-13545.768739,-2528.115143
22556.046811,518.144159,-11399.171507,-1532.190996
22556.047144,0.000000,-11917.315666,612.876398
22556.047477,2812.782580,-13693.809927,4749.792088
22556.047810,5477.523971,-7328.038826,7201.297681
22556.048143,2072.576638,-3627.009116,3524.039291
22556.048476,4071.132681,-6809.894666,3294.210641
22556.048809,814.226536,-4811.338623,-2451.505594
22556.049141,2886.803174,-11843.295072,-3140.991542
22556.049474,-814.226536,-11251.130318,-4979.620737
22556.049807,-3997.112087,-9844.739029,-4903.011187
22556.050140,-4441.235652,-7920.203579,-2911.162892
22556.050473,-2368.659014,-9548.656652,-689.485948
22556.050806,148.041188,-12435.459826,2298.286494
22556.051139,1258.350101,-7402.059420,766.095498
22556.051472,2886.803174,-9474.636058,-76.609550
22556.051805,3552.988522,-10732.986159,7507.735880
22556.052138,1628.453072,-10955.047942,7507.735880
22556.052471,1628.453072,-9696.697840,6511.811733
22556.052804,-1554.432478,-9474.636058,2145.067394
22556.053137,-74.020594,-10362.883188,-76.609550
22556.053469,-962.267725,-2960.823768,-3983.696590
22556.053802,-4145.153275,-3627.009116,-3677.258390
22556.054135,-1258.350101,-7105.977043,-383.047749
22556.054468,-2738.761985,-7772.162391,-2451.505594
22556.054801,2960.823768,-14508.036463,6511.811733
22556.055134,2368.659014,-7550.100608,2221.676944
22556.055467,444.123565,-13249.686362,536.266849
22556.055800,3404.947333,-10881.027347,4673.182538
22556.056133,1702.473667,-14211.954086,3907.087040
22556.056466,962.267725,-12509.480420,7354.516781
22556.056799,1998.556043,-7105.977043,4826.401637
22556.057132,-2442.679609,-4145.153275,-3753.867940
22556.057465,-3552.988522,-3034.844362,-4596.572988
22556.057797,-74.020594,-10362.883188,-1915.238745
22556.058130,-1184.329507,-11103.089130,3447.429741
22556.058463,74.020594,-3404.947333,1685.410096
22556.058796,-222.061783,-5033.400406,0.000000
22556.059129,1184.329507,-8364.327145,612.876398
22556.059462,0.000000,-10732.986159,5209.449386
22556.059795,4663.297435,-13027.624579,3294.210641
22556.060128,-370.102971,-8882.471304,-76.609550
22556.060461,-1776.494261,-5995.668130,-3064.381992
22556.060794,3775.050304,-12213.398043,3217.601092
22556.061127,1406.391290,-10807.006753,3753.867940
22556.061460,-3849.070898,-8512.368333,-4443.353888
22556.061793,-3923.091493,-10732.986159,-3677.258390
22556.062125,1702.473667,-9474.636058,-76.609550
22556.062458,3849.070898,-9474.636058,9729.412825
22556.062791,4367.215058,-2960.823768,3447.429741
22556.063124,-2368.659014,-6291.750507,306.438199
22556.063457,-74.020594,-11843.295072,3600.648841
22556.063790,3701.029710,-11325.150913,6665.030833
22556.064123,2590.720797,-10510.924376,5975.544884
22556.064456,-444.123565,-5921.647536,612.876398
22556.064789,-444.123565,-6883.915261,-2757.943793
22556.065122,-1480.411884,-10658.965565,-2221.676944
22556.065455,2294.638420,-14211.954086,536.266849
22556.065788,-1776.494261,-5995.668130,-2451.505594
22556.066121,-3256.906145,-9548.656652,-995.924147
22556.066453,-2738.761985,-6291.750507,-3983.696590
22556.066786,0.000000,-6291.750507,-689.485948
22556.067119,3404.947333,-12657.521608,4290.134789
22556.067452,1480.411884,-7179.997637,766.095498
22556.067785,0.000000,-11251.130318,1608.800546
22556.068118,1184.329507,-8956.491898,4979.620737
22556.068451,1702.473667,-8142.265362,766.095498
22556.068784,3478.967927,-11843.295072,3600.648841
22556.069117,-1480.411884,-8142.265362,-1149.143247
22556.069450,-2738.761985,-7105.977043,-3447.429741
22556.069783,-1702.473667,-2960.823768,-2528.115143
22556.070116,-148.041188,-11843.295072,-76.609550
22556.070449,1406.391290,-11103.089130,612.876398
22556.070781,-1776.494261,-8364.327145,-2145.067394
22556.071114,-1184.329507,-10214.842000,-2757.943793
22556.071447,3182.885551,-5995.668130,306.438199
22556.071780,4071.132681,-8956.491898,2528.115143
22556.072113,5403.503377,-8956.491898,4290.134789
22556.072446,-296.082377,-8142.265362,-2145.067394
22556.072779,0.000000,-11029.068536,-3677.258390
22556.073112,1110.308913,-10362.883188,-3294.210641
22556.073445,-2738.761985,-9548.656652,-2451.505594
22556.073778,-1628.453072,-8882.471304,-4979.620737
22556.074111,-2442.679609,-9474.636058,-4979.620737
22556.074444,0.000000,-10140.821405,-3140.991542
22556.074777,1702.473667,-11251.130318,0.000000
22556.075109,1184.329507,-6883.915261,1225.752797
22556.075442,2442.679609,-7328.038826,1072.533697
22556.075775,-74.020594,-10362.883188,2987.772442
22556.076108,2886.803174,-7920.203579,-2145.067394
22556.076441,2664.741391,-12213.398043,4903.011187
22556.076774,3182.885551,-9474.636058,-383.047749
22556.077107,0.000000,-8364.327145,0.000000
22556.077440,-1850.514855,-11251.130318,1149.143247
22556.077773,-1480.411884,-7105.977043,-2068.457845
22556.078106,-1184.329507,-8364.327145,-2911.162892
22556.078439,-444.123565,-10140.821405,-2145.067394
22556.078772,-962.267725,-8586.388927,-1608.800546
22556.079105,-1998.556043,-666.185348,0.000000
22556.079438,4663.297435,-14211.954086,4826.401637
22556.079770,2886.803174,-11251.130318,4213.525239
22556.080103,0.000000,-9548.656652,0.000000
22556.080436,-74.020594,-9474.636058,-76.609550
22556.080769,-518.144159,-9474.636058,-76.609550
22556.081102,1258.350101,-9252.574275,3907.087040
22556.081435,-666.185348,-8216.285956,2068.457845
22556.081768,-4515.256246,-8290.306550,-3140.991542
22556.082101,-2516.700203,-7550.100608,-2681.334243
22556.082434,1628.453072,-7328.038826,1072.533697
22556.082767,2812.782580,-8808.450710,4826.401637
22556.083100,-592.164754,-11325.150913,3447.429741
22556.083433,-74.020594,-13619.789333,2374.896044
22556.083766,0.000000,-6587.832884,2451.505594
22556.084098,592.164754,-4811.338623,4903.011187
22556.084431,7031.956449,-7624.121203,4213.525239
22556.084764,1184.329507,-10436.903782,3064.381992
22556.085097,-962.267725,-10807.006753,1685.410096
22556.085430,-1480.411884,-7920.203579,-1608.800546
22556.085763,-1480.411884,-9548.656652,-1378.971896
22556.086096,-370.102971,-8142.265362,-383.047749
22556.086429,-1702.473667,-11843.295072,-76.609550
22556.086762,-4737.318029,-7772.162391,919.314598
22556.087095,1480.411884,-8142.265362,4826.401637
22556.087428,5847.626942,-5921.647536,4826.401637
22556.087761,4663.297435,-10066.800811,4826.401637
22556.088094,-370.102971,-9400.615463,-459.657299
22556.088426,-1998.556043,-10140.821405,-766.095498
22556.088759,74.020594,-11399.171507,306.438199
22556.089092,592.164754,-10288.862594,3064.381992
22556.089425,2294.638420,-9474.636058,1149.143247
22556.089758,-4737.318029,-5107.421000,-2451.505594
22556.090091,-2146.597232,-8290.306550,-5592.497135
22556.090424,-666.185348,-13027.624579,-1608.800546
22556.090757,592.164754,-11325.150913,4290.134789
22556.091090,1776.494261,-6069.688724,5745.716235
22556.091423,-962.267725,-3256.906145,-1225.752797
22556.091756,2442.679609,-9326.594869,0.000000
22556.092089,7031.956449,-10066.800811,6052.154434
22556.092422,3775.050304,-11029.068536,1838.629195
22556.092754,3775.050304,-11251.130318,2374.896044
22556.093087,-4811.338623,-13027.624579,-5286.058936
22556.093420,-4737.318029,-11029.068536,-2681.334243
22556.093753,2886.803174,-7105.977043,1685.410096
22556.094086,-592.164754,-10732.986159,-919.314598
22556.094419,-74.020594,-7105.977043,-2528.115143
22556.094752,-2072.576638,-9770.718434,-995.924147
22556.095085,0.000000,-9326.594869,1838.629195
22556.095418,1184.329507,-8956.491898,6665.030833
22556.095751,2294.638420,-13323.706956,3294.210641
22556.096084,0.000000,-8364.327145,0.000000
22556.096417,1332.370696,-7550.100608,3600.648841
22556.096750,5847.626942,-4737.318029,1762.019645
22556.097082,888.247130,-9992.780217,1685.410096
22556.097415,1110.308913,-12139.377449,1378.971896
22556.097748,-1184.329507,-10436.903782,-2451.505594
22556.098081,-2738.761985,-13323.706956,-2221.676944
22556.098414,0.000000,-7328.038826,-766.095498
22556.098747,-1702.473667,-13545.768739,2911.162892
22556.099080,222.061783,-5699.585753,2068.457845
22556.099413,592.164754,-7772.162391,2911.162892
22556.099746,4515.256246,-4145.153275,3294.210641
22556.100079,2960.823768,-4811.338623,1838.629195
22556.100412,3478.967927,-13027.624579,-76.609550
22556.100745,-1184.329507,-9548.656652,0.000000
22556.101078,-4441.235652,-11325.150913,-4060.306139
22556.101410,-74.020594,-11547.212695,-4979.620737
22556.101743,-1036.288319,-12287.418637,-383.047749
22556.102076,-3034.844362,-7402.059420,-2451.505594
22556.102409,-1332.370696,-4663.297435,-4136.915689
22556.102742,-2368.659014,-11325.150913,-2145.067394
22556.103075,1184.329507,-10881.027347,5439.278036
22556.103408,3478.967927,-10362.883188,7277.907231
22556.103741,4071.132681,-3923.091493,2451.505594
22556.104074,4293.194464,-7031.956449,3907.087040
22556.104407,2886.803174,-6957.935855,0.000000
22556.104740,3775.050304,-11399.171507,-153.219100
22556.105073,-1924.535449,-13027.624579,-2911.162892
22556.105406,-3256.906145,-12953.603985,-5439.278036
22556.105738,-3182.885551,-13101.645173,-919.314598
22556.106071,-2220.617826,-8364.327145,2374.896044
22556.106404,-962.267725,-4219.173869,-1838.629195
22556.106737,296.082377,-4811.338623,0.000000
22556.107070,1184.329507,-7402.059420,-842.705048
22556.107403,1776.494261,-14952.160028,4979.620737
22556.107736,2368.659014,-12435.459826,7584.345430
22556.108069,2294.638420,-10066.800811,3907.087040
22556.108402,1924.535449,-8068.244768,2068.457845
22556.108735,2072.576638,-888.247130,-4290.134789
22556.109068,3478.967927,-8882.471304,-3830.477490
22556.109401,1702.473667,-6587.832884,-6128.763984
22556.109734,-1776.494261,-14211.954086,-1915.238745
22556.110066,-3627.009116,-15396.283594,-1915.238745
22556.110399,-3256.906145,-9548.656652,0.000000
22556.110732,370.102971,-11843.295072,2374.896044
22556.111065,2220.617826,-9104.533087,4290.134789
22556.111398,740.205942,-6439.791695,2528.115143
22556.111731,1776.494261,-10066.800811,5362.668486
22556.112064,592.164754,-9548.656652,9499.584175
22556.112397,2886.803174,-10658.965565,9729.412825
22556.112730,2294.638420,-2664.741391,1685.410096
22556.113063,-1480.411884,-3923.091493,-3217.601092
22556.113396,0.000000,-5551.544565,-5286.058936
22556.113728,296.082377,-11029.068536,76.609550
22556.114061,-1998.556043,-10955.047942,-689.485948
22556.114394,-5551.544565,-10362.883188,-4366.744339
22556.114727,-74.020594,-12287.418637,-76.609550
22556.115060,1184.329507,-10732.986159,3677.258390
22556.115393,2072.576638,-8216.285956,3753.867940
22556.115726,3478.967927,-9474.636058,1149.143247
22556.116059,1480.411884,-12805.562797,3983.696590
22556.116392,4663.297435,-9474.636058,6052.154434
22556.116725,5995.668130,-6809.894666,5439.278036
22556.117057,1554.432478,-7105.977043,-689.485948
22556.117390,-3552.988522,-8512.368333,-3677.258390
22556.117723,-5921.647536,-10140.821405,-6741.640382
22556.118056,-1554.432478,-12731.542202,-4366.744339
22556.118389,-2146.597232,-8956.491898,-689.485948
22556.118722,0.000000,-5699.585753,2145.067394
22556.119055,-222.061783,-8586.388927,306.438199
22556.119388,4293.194464,-10658.965565,4826.401637
22556.119721,4071.132681,-9770.718434,1915.238745
22556.120054,2664.741391,-11325.150913,2451.505594
22556.120386,1184.329507,-11991.336260,6052.154434
22556.120719,-1258.350101,-6365.771101,0.000000
22556.121052,2146.597232,-3627.009116,-2145.067394
22556.121385,4071.132681,-6217.729913,-3370.820191
22556.121718,-1406.391290,-9548.656652,-7201.297681
22556.122051,-3478.967927,-11177.109724,-9116.536426
22556.122384,-5255.462188,-12435.459826,-5898.935335
22556.122717,-1998.556043,-4811.338623,-6128.763984
22556.123050,2368.659014,-12805.562797,2681.334243
22556.123383,4071.132681,-14211.954086,2987.772442
22556.123715,370.102971,-12509.480420,1225.752797
22556.124048,-74.020594,-8882.471304,3524.039291
22556.124381,1628.453072,-6365.771101,3294.210641
22556.124714,666.185348,-9696.697840,5056.230287
22556.125047,2960.823768,-6809.894666,4136.915689
22556.125380,-1776.494261,-8364.327145,0.000000
22556.125713,-2960.823768,-5181.441594,-2528.115143
22556.126046,1702.473667,-8290.306550,-2528.115143
22556.126379,-1554.432478,-7179.997637,-2145.067394
22556.126712,296.082377,-6587.832884,-76.609550
22556.127044,1110.308913,-8290.306550,-3677.258390
22556.127377,-592.164754,-13101.645173,-3217.601092
22556.127710,2442.679609,-10658.965565,-995.924147
22556.128043,1998.556043,-14137.933492,1302.362347
22556.128376,1998.556043,-15766.386565,6435.202183
22556.128709,814.226536,-7105.977043,2374.896044
22556.129042,-1258.350101,-8216.285956,-1838.629195
22556.129375,1554.432478,-6365.771101,1378.971896
22556.129708,-222.061783,-7105.977043,1149.143247
22556.130041,-2368.659014,-5921.647536,-383.047749
22556.130373,-5625.565159,-9548.656652,612.876398
22556.130706,-3627.009116,-10658.965565,-76.609550
22556.131039,1110.308913,-2960.823768,-689.485948
22556.131372,3478.967927,-2368.659014,-76.609550
22556.131705,4663.297435,-11251.130318,1302.362347
22556.132038,3404.947333,-12435.459826,2681.334243
22556.132371,1776.494261,-13545.768739,2298.286494
22556.132704,444.123565,-11103.089130,-1149.143247
22556.133037,2886.803174,-12435.459826,2987.772442
22556.133370,0.000000,-7179.997637,1072.533697
22556.133702,-666.185348,-7994.224174,-5286.058936
22556.134035,-2220.617826,-10732.986159,-5515.887586
22556.134368,0.000000,-11325.150913,2604.724693
22556.134701,1110.308913,-5921.647536,1685.410096
22556.135034,1406.391290,-7105.977043,4673.182538
22556.135367,-740.205942,-4515.256246,1532.190996
22556.135700,3182.885551,-9474.636058,2451.505594
22556.136033,2368.659014,-7772.162391,1225.752797
22556.136366,2886.803174,-11843.295072,3600.648841
22556.136699,-74.020594,-10658.965565,2068.457845
22556.137031,-3552.988522,-7476.080014,459.657299
22556.137364,-74.020594,-9474.636058,-689.485948
22556.137697,-3552.988522,-9548.656652,-3830.477490
22556.138030,-2146.597232,-13471.748144,-2911.162892
22556.138363,-2368.659014,-11325.150913,842.705048
22556.138696,-740.205942,-6957.935855,1991.848295
22556.139029,1184.329507,-5995.668130,7354.516781
22556.139362,4663.297435,-2960.823768,2374.896044
22556.139695,3108.864956,-4811.338623,-2451.505594
22556.140028,4145.153275,-11473.192101,1762.019645
22556.140360,1998.556043,-10658.965565,-153.219100
22556.140693,1258.350101,-7402.059420,-76.609550
22556.141026,-1850.514855,-11177.109724,-1302.362347
22556.141359,-1110.308913,-13101.645173,-842.705048
22556.141692,444.123565,-13323.706956,612.876398
22556.142025,-74.020594,-7698.141797,-3753.867940
22556.142358,-1258.350101,-9770.718434,-3064.381992
22556.142691,-2368.659014,-8660.409521,3983.696590
22556.143024,5847.626942,-11251.130318,6665.030833
22556.143357,1110.308913,-5107.421000,3983.696590
22556.143689,518.144159,-7105.977043,995.924147
22556.144022,0.000000,-7328.038826,0.000000
22556.144355,2960.823768,-9548.656652,2911.162892
22556.144688,4663.297435,-7994.224174,3370.820191
22556.145021,1554.432478,-8734.430116,1608.800546
22556.145354,-2442.679609,-8882.471304,-7431.126331
22556.145687,-2368.659014,-14137.933492,-4749.792088
22556.146020,-740.205942,-11325.150913,-5209.449386
22556.146353,-1776.494261,-15470.304188,0.000000
22556.146686,-3552.988522,-8882.471304,-76.609550
22556.147018,-2442.679609,-10214.842000,-1762.019645
22556.147351,962.267725,-5107.421000,6128.763984
22556.147684,3108.864956,-3034.844362,5515.887586
22556.148017,2738.761985,-6587.832884,4136.915689
22556.148350,2146.597232,-11251.130318,4519.963438
22556.148683,1702.473667,-9030.512492,2681.334243
22556.149016,1554.432478,-370.102971,-919.314598
22556.149349,814.226536,-6957.935855,-5592.497135
22556.149682,0.000000,-12287.418637,-3140.991542
22556.150015,-3552.988522,-13101.645173,-7354.516781
22556.150347,-2072.576638,-18209.066173,-2834.553343
22556.150680,-4145.153275,-11029.068536,-3064.381992
22556.151013,-3552.988522,-13397.727550,-76.609550
22556.151346,1036.288319,-8956.491898,1838.629195
22556.151679,4071.132681,-10658.965565,6971.469032
22556.152012,4441.235652,-5403.503377,7354.516781
22556.152345,2664.741391,-666.185348,4903.011187
22556.152678,4071.132681,-8290.306550,3600.648841
22556.153011,0.000000,-6291.750507,2451.505594
22556.153344,-74.020594,-12435.459826,-229.828649
22556.153676,-1702.473667,-7698.141797,-7431.126331
22556.154009,-4737.318029,-11917.315666,-5515.887586
22556.154342,-1628.453072,-10881.027347,0.000000
22556.154675,-2738.761985,-8586.388927,-1915.238745
22556.155008,-1998.556043,-9548.656652,-1838.629195
22556.155341,3478.967927,-12435.459826,4213.525239
22556.155674,2590.720797,-11917.315666,6128.763984
22556.156007,5847.626942,-11843.295072,9729.412825
22556.156340,1702.473667,-5329.482782,4826.401637
22556.156673,-2960.823768,-6587.832884,3907.087040
22556.157005,2886.803174,-4441.235652,-919.314598
22556.157338,2960.823768,-9474.636058,-76.609550
22556.157671,3404.947333,-7698.141797,689.485948
22556.158004,-3478.967927,-3627.009116,-3677.258390
22556.158337,-5181.441594,-7402.059420,-9422.974625
22556.158670,-2368.659014,-14285.974681,-1762.019645
22556.159003,2294.638420,-16580.613101,1455.581446
22556.159336,0.000000,-10140.821405,0.000000
22556.159669,-2072.576638,-10436.903782,1762.019645
22556.160002,-74.020594,-15100.201217,4213.525239
22556.160334,5625.565159,-8512.368333,13713.109414
22556.160667,5477.523971,-2516.700203,9729.412825
22556.161000,1110.308913,-4737.318029,766.095498
22556.161333,-2220.617826,-7846.182985,-3983.696590
22556.161666,-2368.659014,-10584.944971,-1072.533697
22556.161999,-666.185348,-4811.338623,-1072.533697
22556.162332,-1258.350101,-8734.430116,-1072.533697
22556.162665,-1850.514855,-5995.668130,-4749.792088
22556.162998,-2442.679609,-11547.212695,-6818.249932
22556.163331,1184.329507,-13249.686362,-1532.190996
22556.163663,4441.235652,-15100.201217,3294.210641
22556.163996,-74.020594,-10732.986159,2451.505594
22556.164329,1776.494261,-10732.986159,5745.716235
22556.164662,5255.462188,-11251.130318,7277.907231
22556.164995,3701.029710,-4663.297435,4366.744339
22556.165328,2664.741391,-3182.885551,-229.828649
22556.165661,814.226536,-10066.800811,229.828649
22556.165994,-2220.617826,-7772.162391,0.000000
22556.166327,-4145.153275,-7476.080014,2068.457845
22556.166660,-3034.844362,-3552.988522,-5592.497135
22556.166992,-666.185348,-9030.512492,-5515.887586
22556.167325,-1776.494261,-9252.574275,-1685.410096
22556.167658,2590.720797,-10362.883188,-1072.533697
22556.167991,740.205942,-11843.295072,2681.334243
22556.168324,1702.473667,-11177.109724,2681.334243
22556.168657,1924.535449,-11399.171507,3677.258390
22556.168990,2960.823768,-9474.636058,3217.601092
22556.169323,592.164754,-13101.645173,-76.609550
22556.169656,-1850.514855,-7994.224174,-3524.039291
22556.169989,-2368.659014,-8364.327145,-3677.258390
22556.170321,-2072.576638,-8660.409521,1455.581446
22556.170654,0.000000,-4219.173869,1838.629195
22556.170987,444.123565,-6735.874072,-919.314598
22556.171320,2072.576638,-7920.203579,1762.019645
22556.171653,740.205942,-12509.480420,3830.477490
22556.171986,814.226536,-9918.759623,4213.525239
22556.172319,4663.297435,-8290.306550,3600.648841
22556.172652,1406.391290,-10436.903782,1225.752797
22556.172985,2368.659014,-7105.977043,-76.609550
22556.173318,-1258.350101,-11251.130318,-4979.620737
22556.173650,-2146.597232,-10658.965565,-7431.126331
22556.173983,-1628.453072,-14211.954086,-1225.752797
22556.174316,-1628.453072,-9474.636058,766.095498
22556.174649,-3256.906145,-7550.100608,-2221.676944
22556.174982,-4145.153275,-9548.656652,-2145.067394
22556.175315,1110.308913,-5995.668130,0.000000
22556.175648,4737.318029,-9474.636058,7967.393179
22556.175981,7031.956449,-7994.224174,4826.401637
22556.176314,1924.535449,-8364.327145,2757.943793
22556.176647,962.267725,-9474.636058,2987.772442
22556.176979,4293.194464,-11029.068536,2451.505594
22556.177312,3034.844362,-10362.883188,1455.581446
22556.177645,1110.308913,-10510.924376,-3370.820191
22556.177978,-3849.070898,-11325.150913,-2451.505594
22556.178311,-3997.112087,-6439.791695,-6741.640382
22556.178644,-1924.535449,-12287.418637,-2681.334243
22556.178977,148.041188,-10510.924376,1685.410096
22556.179310,1480.411884,-9548.656652,3524.039291
22556.179643,-2960.823768,-7772.162391,2451.505594
22556.179976,1110.308913,-8882.471304,-76.609550
22556.180308,4737.318029,-5995.668130,10878.556072
22556.180641,3478.967927,-5181.441594,2834.553343
22556.180974,2294.638420,-9326.594869,-76.609550
22556.181307,-2960.823768,-8660.409521,-2528.115143
22556.181640,-2072.576638,-9992.780217,-3983.696590
22556.181973,0.000000,-8512.368333,-766.095498
22556.182306,-370.102971,-9548.656652,-4596.572988
22556.182639,-1850.514855,-14211.954086,-2528.115143
22556.182972,-3478.967927,-7179.997637,-4903.011187
22556.183305,0.000000,-10732.986159,0.000000
22556.183637,1776.494261,-10658.965565,4826.401637
22556.183970,2072.576638,-7476.080014,5362.668486
22556.184303,2516.700203,-6809.894666,5439.278036
22556.184636,2072.576638,-6143.709319,1378.971896
22556.184969,4145.153275,-8586.388927,4826.401637
22556.185302,3404.947333,-7994.224174,2987.772442
22556.185635,-666.185348,-7105.977043,-2528.115143
22556.185968,-8290.306550,-5995.668130,-4903.011187
22556.186301,-1258.350101,-13471.748144,-3140.991542
22556.186634,-74.020594,-9326.594869,-5669.106685
22556.186966,-1184.329507,-12509.480420,-2757.943793
22556.187299,-1258.350101,-10584.944971,-2911.162892
22556.187632,-1776.494261,-9992.780217,-919.314598
22556.187965,3552.988522,-10584.944971,2987.772442
22556.188298,4367.215058,-13027.624579,6358.592633
22556.188631,1776.494261,-8660.409521,4903.011187
22556.188964,1184.329507,-3923.091493,6358.592633
22556.189297,2886.803174,-4145.153275,-1685.410096
22556.189630,2368.659014,-8364.327145,0.000000
22556.189963,1332.370696,-8882.471304,2834.553343
22556.190295,-3330.926739,-7772.162391,-5515.887586
22556.190628,-4811.338623,-12657.521608,-5975.544884
22556.190961,-370.102971,-14211.954086,612.876398
22556.191294,2960.823768,-6365.771101,3677.258390
22556.191627,0.000000,-4811.338623,0.000000
22556.191960,1110.308913,-11843.295072,-1378.971896
22556.192293,3849.070898,-12435.459826,4673.182538
22556.192626,1554.432478,-11769.274478,5362.668486
22556.192959,-74.020594,-7105.977043,-76.609550
22556.193292,-2738.761985,-9844.739029,-2145.067394
22556.193624,-3256.906145,-9474.636058,-383.047749
22556.193957,1702.473667,-9474.636058,-76.609550
22556.194290,-1184.329507,-2442.679609,-3064.381992
22556.194623,1110.308913,-7698.141797,-76.609550
22556.194956,-2886.803174,-7254.018232,-995.924147
22556.195289,-814.226536,-14804.118840,0.000000
22556.195622,1628.453072,-13471.748144,4673.182538
22556.195955,1776.494261,-5403.503377,3064.381992
22556.196288,5551.544565,-6587.832884,0.000000
22556.196621,5699.585753,-9474.636058,3294.210641
22556.196953,1480.411884,-12509.480420,1225.752797
22556.197286,740.205942,-9548.656652,3064.381992
22556.197619,-2812.782580,-8438.347739,-2068.457845
22556.197952,-4441.235652,-8438.347739,-2987.772442
22556.198285,-3108.864956,-7179.997637,-4596.572988
22556.198618,-74.020594,-7105.977043,-2298.286494
22556.198951,-740.205942,-6957.935855,-229.828649
22556.199284,-1850.514855,-9548.656652,-1685.410096
22556.199617,3108.864956,-12139.377449,6052.154434
22556.199950,1110.308913,-8734.430116,2528.115143
22556.200282,3552.988522,-7476.080014,3677.258390
22556.200615,3552.988522,-9474.636058,1532.190996
22556.200948,3330.926739,-8290.306550,1072.533697
22556.201281,2812.782580,-9252.574275,0.000000
22556.201614,0.000000,-11251.130318,766.095498
22556.201947,-1110.308913,-7105.977043,-4366.744339
22556.202280,-4145.153275,-6587.832884,-5515.887586
22556.202613,-370.102971,-11547.212695,-5515.887586
22556.202946,0.000000,-13101.645173,0.000000
22556.203279,1110.308913,-13915.871710,5745.716235
22556.203611,-1258.350101,-7105.977043,3600.648841
22556.203944,962.267725,-6957.935855,6052.154434
22556.204277,3108.864956,-3997.112087,3217.601092
22556.204610,5255.462188,-4737.318029,2757.943793
22556.204943,2146.597232,-6587.832884,-1915.238745
22556.205276,-74.020594,-15988.448347,-76.609550
22556.205609,-6809.894666,-9548.656652,-3370.820191
22556.205942,-74.020594,-13027.624579,-76.609550
22556.206275,-74.020594,-8290.306550,-2528.115143
22556.206608,-2960.823768,-7105.977043,-4903.011187
22556.206940,-666.185348,-9474.636058,-4673.182538
22556.207273,-1406.391290,-9992.780217,-1991.848295
22556.207606,2220.617826,-14063.912898,7354.516781
22556.207939,2220.617826,-8290.306550,10189.070123
22556.208272,5699.585753,-4737.318029,4519.963438
22556.208605,3627.009116,-5699.585753,3217.601092
22556.208938,3997.112087,-8438.347739,0.000000
22556.209271,2664.741391,-13323.706956,1762.019645
22556.209604,-3256.906145,-9548.656652,0.000000
22556.209937,-2738.761985,-9474.636058,-689.485948
22556.210269,-3627.009116,-4737.318029,-4979.620737
22556.210602,-2368.659014,-4219.173869,-4903.011187
22556.210935,-222.061783,-11251.130318,-3753.867940
22556.211268,-1258.350101,-9696.697840,-3370.820191
22556.211601,-370.102971,-13619.789333,2374.896044
22556.211934,0.000000,-9918.759623,6128.763984
22556.212267,3775.050304,-9696.697840,7431.126331
22556.212600,5921.647536,-6365.771101,4826.401637
22556.212933,4071.132681,-4737.318029,-1302.362347
22556.213266,0.000000,-5995.668130,-6435.202183
22556.213598,296.082377,-15470.304188,2068.457845
22556.213931,-74.020594,-11695.253884,-1302.362347
22556.214264,-4145.153275,-6587.832884,-2145.067394
22556.214597,-3701.029710,-10955.047942,-4366.744339
22556.214930,666.185348,-11103.089130,-4826.401637
22556.215263,1406.391290,-15470.304188,2757.943793
22556.215596,2294.638420,-10658.965565,6052.154434
22556.215929,888.247130,-8882.471304,11568.042020
22556.216262,2294.638420,-4145.153275,3830.477490
22556.216595,2960.823768,-7179.997637,6741.640382
22556.216928,4145.153275,-6883.915261,4826.401637
22556.217261,2368.659014,-6735.874072,-3524.039291
22556.217594,-1776.494261,-8364.327145,-3524.039291
22556.217926,-1850.514855,-9992.780217,-2834.553343
22556.218259,-2220.617826,-5329.482782,-3140.991542
22556.218592,-3701.029710,-10066.800811,-6128.763984
22556.218925,-666.185348,-11917.315666,-8580.269578
22556.219258,-74.020594,-14211.954086,-76.609550
22556.219591,3478.967927,-14211.954086,1762.019645
22556.219924,1850.514855,-9548.656652,6435.202183
22556.220257,0.000000,-7179.997637,5515.887586
22556.220590,3775.050304,-10658.965565,5745.716235
22556.220923,3552.988522,-6143.709319,6128.763984
22556.221256,3256.906145,-9252.574275,1915.238745
22556.221589,74.020594,-11251.130318,3907.087040
22556.221922,-3552.988522,-7476.080014,7354.516781
22556.222255,-1850.514855,1184.329507,-4673.182538
22556.222587,-1998.556043,-814.226536,-9346.365076
22556.222920,0.000000,-11029.068536,-5592.497135
22556.223253,1332.370696,-15100.201217,-1225.752797
22556.223586,-2738.761985,-13693.809927,-1455.581446
22556.223919,-740.205942,-14508.036463,2604.724693
22556.224252,1184.329507,-10881.027347,5362.668486
22556.224585,5255.462188,-8290.306550,4826.401637
22556.224918,4737.318029,-6883.915261,3064.381992
22556.225251,0.000000,-6217.729913,-2451.505594
22556.225584,-2442.679609,-7846.182985,-2221.676944
22556.225917,-592.164754,-11473.192101,3677.258390
22556.226250,518.144159,-5921.647536,2374.896044
22556.226583,-2368.659014,-4219.173869,-3524.039291
22556.226916,-74.020594,-8290.306550,-6205.373534
22556.227248,1110.308913,-9104.533087,-8273.831378
22556.227581,2368.659014,-16654.633695,2451.505594
22556.227914,4663.297435,-15100.201217,6665.030833
22556.228247,-1480.411884,-8290.306550,2145.067394
22556.228580,-1110.308913,-8512.368333,-3600.648841
22556.228913,4959.379811,-13027.624579,2145.067394
22556.229246,4737.318029,-10732.986159,5515.887586
22556.229579,592.164754,-3627.009116,1838.629195
22556.229912,-4219.173869,-10140.821405,-3524.039291
22556.230245,-4441.235652,-7772.162391,0.000000
22556.230578,1702.473667,-9474.636058,4213.525239
22556.230911,518.144159,-3923.091493,0.000000
22556.231244,-370.102971,-7105.977043,-2911.162892
22556.231577,-4441.235652,-7624.121203,-1072.533697
22556.231909,1628.453072,-9474.636058,1455.581446
22556.232242,2664.741391,-9474.636058,5822.325785
22556.232575,2516.700203,-11029.068536,4826.401637
22556.232908,-666.185348,-7476.080014,-4290.134789
22556.233241,1184.329507,-11917.315666,-2451.505594
22556.233574,2072.576638,-18061.024985,4213.525239
22556.233907,1480.411884,-8660.409521,6435.202183
22556.234240,-3256.906145,-5699.585753,-1532.190996
22556.234573,-4071.132681,-6587.832884,-5822.325785
22556.234906,-2590.720797,-8512.368333,-1685.410096
22556.235239,1406.391290,-8216.285956,2681.334243
22556.235572,4663.297435,-9474.636058,6052.154434
22556.235905,222.061783,-5995.668130,3064.381992
22556.236237,888.247130,-10658.965565,6052.154434
22556.236570,4071.132681,-7105.977043,6052.154434
22556.236903,4071.132681,-11251.130318,4213.525239
22556.237236,2442.679609,-10807.006753,1762.019645
22556.237569,-3849.070898,-7179.997637,-2068.457845
22556.237902,-5847.626942,-4145.153275,-7890.783629
22556.238235,-2368.659014,-10732.986159,-2451.505594
22556.238568,2590.720797,-7772.162391,-1838.629195
22556.238901,0.000000,-13323.706956,-2145.067394
22556.239234,-814.226536,-10658.965565,-76.609550
22556.239567,-2812.782580,-9548.656652,0.000000
22556.239900,2146.597232,-9474.636058,4826.401637
22556.240233,5625.565159,-9252.574275,6818.249932
22556.240566,2516.700203,-7179.997637,4290.134789
22556.240898,2442.679609,-3997.112087,1149.143247
22556.241231,0.000000,-5403.503377,-2451.505594
22556.241564,666.185348,-10732.986159,-1838.629195
22556.241897,-740.205942,-12361.439231,-2298.286494
22556.242230,-3034.844362,-11621.233289,-2911.162892
22556.242563,-3034.844362,-10436.903782,-4903.011187
22556.242896,0.000000,-10140.821405,-1838.629195
22556.243229,-666.185348,-9474.636058,-1302.362347
22556.243562,-3256.906145,-3923.091493,-2451.505594
22556.243895,1110.308913,-10066.800811,3907.087040
22556.244228,3478.967927,-11843.295072,4213.525239
22556.244561,5329.482782,-12213.398043,10648.727422
22556.244894,3256.906145,-1702.473667,3140.991542
22556.245227,962.267725,-8438.347739,-2145.067394
22556.245559,2812.782580,-8882.471304,-459.657299
22556.245892,2664.741391,-14063.912898,-76.609550
22556.246225,-3552.988522,-9548.656652,-3677.258390
22556.246558,-5625.565159,-7179.997637,-6741.640382
22556.246891,-4811.338623,-11251.130318,-6818.249932
22556.247224,-1998.556043,-11325.150913,0.000000
22556.247557,2294.638420,-11843.295072,3600.648841
22556.247890,1702.473667,-10140.821405,4903.011187
22556.248223,1036.288319,-3627.009116,2451.505594
22556.248556,2516.700203,-6661.853478,3447.429741
22556.248889,1998.556043,-6513.812290,2987.772442
22556.249222,0.000000,-7179.997637,3677.258390
22556.249555,-666.185348,-8882.471304,-766.095498
22556.249888,-74.020594,-11251.130318,-3753.867940
22556.250220,-1184.329507,-9104.533087,-2145.067394
22556.250553,814.226536,-8364.327145,-2451.505594
22556.250886,-370.102971,-8290.306550,-1608.800546
22556.251219,-1628.453072,-8808.450710,-3677.258390
22556.251552,-814.226536,-12139.377449,383.047749
22556.251885,1628.453072,-8660.409521,612.876398
22556.252218,0.000000,-13397.727550,7277.907231
22556.252551,3182.885551,-10510.924376,4979.620737
22556.252884,0.000000,-4219.173869,2451.505594
22556.253217,4737.318029,-7031.956449,5056.230287
22556.253550,4367.215058,-3923.091493,612.876398
22556.253883,296.082377,-6513.812290,-3830.477490
22556.254216,-3034.844362,-11473.192101,-7048.078582
22556.254549,-3997.112087,-11843.295072,-5898.935335
22556.254881,-6957.935855,-12509.480420,-6128.763984
22556.255214,-2220.617826,-9474.636058,-995.924147
22556.255547,518.144159,-8956.491898,-383.047749
22556.255880,2294.638420,-7550.100608,0.000000
22556.256213,2886.803174,-11251.130318,4519.963438
22556.256546,2886.803174,-12731.542202,4060.306139
22556.256879,3552.988522,-11769.274478,11184.994271
22556.257212,5847.626942,-2368.659014,6665.030833
22556.257545,2072.576638,-3627.009116,1225.752797
22556.257878,1406.391290,-1776.494261,-4366.744339
22556.258211,-3923.091493,-16654.633695,-7967.393179
22556.258544,-666.185348,-13841.851115,-2068.457845
22556.258877,-3552.988522,-12361.439231,-919.314598
22556.259210,-3256.906145,-5995.668130,-2987.772442
22556.259542,1110.308913,-6069.688724,-3753.867940
22556.259875,0.000000,-10288.862594,-76.609550
22556.260208,3775.050304,-14211.954086,2374.896044
22556.260541,-74.020594,-13323.706956,3447.429741
22556.260874,-2368.659014,-9548.656652,3447.429741
22556.261207,0.000000,-3182.885551,4903.011187
22556.261540,2960.823768,-2146.597232,1685.410096
22556.261873,518.144159,-3701.029710,-2834.553343
22556.262206,1184.329507,-12879.583391,-2451.505594
22556.262539,-814.226536,-10584.944971,-3217.601092
22556.262872,-370.102971,-12287.418637,4213.525239
22556.263205,-1258.350101,-5625.565159,1378.971896
22556.263538,0.000000,-3627.009116,-1838.629195
22556.263870,1776.494261,-7476.080014,-1838.629195
22556.264203,2960.823768,-13915.871710,-689.485948
22556.264536,3478.967927,-17172.777854,5439.278036
22556.264869,814.226536,-11917.315666,6281.983084
22556.265202,370.102971,-9474.636058,4213.525239
22556.265535,0.000000,-6291.750507,3064.381992
22556.265868,1406.391290,-4811.338623,-6128.763984
22556.266201,0.000000,-5403.503377,-4290.134789
22556.266534,-1258.350101,-9474.636058,-5592.497135
22556.266867,-4811.338623,-8290.306550,-5592.497135
22556.267200,-4663.297435,-10955.047942,-1608.800546
22556.267533,-518.144159,-11399.171507,3294.210641
22556.267866,2664.741391,-10362.883188,2374.896044
22556.268199,2442.679609,-10066.800811,2221.676944
22556.268531,3701.029710,-9474.636058,6052.154434
22556.268864,1332.370696,-7772.162391,6128.763984
22556.269197,5033.400406,-7846.182985,12180.918418
22556.269530,5551.544565,-5033.400406,1608.800546
22556.269863,1702.473667,-5921.647536,-689.485948
22556.270196,-1258.350101,-8586.388927,-8350.440928
22556.270529,-1702.473667,-16284.530724,-3600.648841
22556.270862,-3849.070898,-10140.821405,-3600.648841
22556.271195,-3182.885551,-10807.006753,-2834.553343
22556.271528,-666.185348,-11843.295072,842.705048
22556.271861,-1184.329507,-6883.915261,-1225.752797
22556.272194,2146.597232,-8808.450710,2298.286494
22556.272527,444.123565,-10732.986159,1838.629195
22556.272860,-1628.453072,-10732.986159,2451.505594
22556.273192,222.061783,-12139.377449,7737.564530
22556.273525,2294.638420,-4737.318029,5439.278036
22556.273858,0.000000,-2442.679609,1225.752797
22556.274191,3478.967927,-4441.235652,-2528.115143
22556.274524,1110.308913,-8438.347739,-4290.134789
22556.274857,-1628.453072,-12657.521608,-2451.505594
22556.275190,-1480.411884,-10510.924376,-459.657299
22556.275523,-2442.679609,-11621.233289,76.609550
22556.275856,2368.659014,-6069.688724,4136.915689
22556.276189,4737.318029,-8734.430116,3600.648841
22556.276522,2294.638420,-13693.809927,612.876398
22556.276855,0.000000,-11917.315666,5669.106685
22556.277188,-74.020594,-11251.130318,3294.210641
22556.277521,0.000000,-9548.656652,6128.763984
22556.277853,814.226536,-4737.318029,2374.896044
22556.278186,-2368.659014,-5773.606348,-2987.772442
22556.278519,-1036.288319,-4441.235652,-5515.887586
22556.278852,-1258.350101,-10362.883188,-6818.249932
22556.279185,-1258.350101,-9474.636058,-3753.867940
22556.279518,-4145.153275,-11029.068536,2451.505594
22556.279851,-1554.432478,-9474.636058,3064.381992
22556.280184,4663.297435,-10658.965565,1762.019645
22556.280517,6439.791695,-15100.201217,8503.660028
22556.280850,5625.565159,-6291.750507,5132.839837
22556.281183,1702.473667,-11325.150913,4443.353888
22556.281516,3182.885551,-8438.347739,4826.401637
22556.281849,296.082377,-6735.874072,3677.258390
22556.282182,1702.473667,-2294.638420,0.000000
22556.282514,-4737.318029,-5107.421000,-5669.106685
22556.282847,-1998.556043,-15248.242405,-6205.373534
22556.283180,-1332.370696,-8882.471304,-4673.182538
22556.283513,-4737.318029,-10732.986159,-3064.381992
22556.283846,-740.205942,-11399.171507,995.924147
22556.284179,-370.102971,-7698.141797,-1225.752797
22556.284512,1702.473667,-11103.089130,1532.190996
22556.284845,4811.338623,-9474.636058,3600.648841
22556.285178,0.000000,-10732.986159,306.438199
22556.285511,-74.020594,-13619.789333,3600.648841
22556.285844,-74.020594,-9548.656652,4903.011187
22556.286177,592.164754,-5107.421000,6588.421283
22556.286510,592.164754,-74.020594,-1149.143247
22556.286843,518.144159,-7105.977043,-2834.553343
22556.287175,-2294.638420,-11991.336260,-3524.039291
22556.287508,1924.535449,-11473.192101,-919.314598
22556.287841,2886.803174,-8586.388927,3600.648841
22556.288174,1184.329507,-2442.679609,0.000000
22556.288507,1332.370696,-7476.080014,-3677.258390
22556.288840,2590.720797,-15248.242405,-4979.620737
22556.289173,1924.535449,-17838.963202,-1072.533697
22556.289506,592.164754,-15396.283594,1838.629195
22556.289839,-2664.741391,-9548.656652,-3677.258390
22556.290172,-296.082377,-9474.636058,3600.648841
22556.290505,-3034.844362,-3404.947333,-3217.601092
22556.290838,0.000000,-6143.709319,-2451.505594
22556.291171,-444.123565,-10658.965565,-76.609550
22556.291503,-1332.370696,-6809.894666,-153.219100
22556.291836,-1184.329507,-7624.121203,5515.887586
22556.292169,2146.597232,-6069.688724,5975.544884
22556.292502,4663.297435,-5921.647536,1149.143247
22556.292835,3552.988522,-7179.997637,3983.696590
22556.293168,4663.297435,-11843.295072,-1302.362347
22556.293501,888.247130,-14285.974681,-2145.067394
22556.293834,0.000000,-14804.118840,1915.238745
22556.294167,-962.267725,-5403.503377,-4290.134789
22556.294500,-370.102971,-9474.636058,-1302.362347
22556.294833,1036.288319,-12213.398043,-4903.011187
22556.295166,-3182.885551,-16432.571912,-1225.752797
22556.295499,-4145.153275,-6587.832884,0.000000
22556.295832,-4145.153275,-8068.244768,6665.030833
22556.296164,2294.638420,0.000000,5286.058936
22556.296497,3923.091493,-2442.679609,6128.763984
22556.296830,3627.009116,-8882.471304,6665.030833
22556.297163,296.082377,-8956.491898,919.314598
22556.297496,-74.020594,-12731.542202,1149.143247
22556.297829,-1184.329507,-9474.636058,1762.019645
22556.298162,-74.020594,-4737.318029,-2221.676944
22556.298495,-296.082377,-11621.233289,-3983.696590
22556.298828,3478.967927,-15988.448347,-4979.620737
22556.299161,-4145.153275,-10732.986159,-2451.505594
22556.299494,-2960.823768,-12213.398043,612.876398
22556.299827,2294.638420,-14211.954086,4213.525239
22556.300160,0.000000,-5403.503377,9499.584175
22556.300493,4959.379811,-3108.864956,7431.126331
22556.300825,4441.235652,-6809.894666,6358.592633
22556.301158,4367.215058,-6883.915261,3294.210641
22556.301491,3182.885551,-11547.212695,9959.241474
22556.301824,-2590.720797,-8364.327145,4596.572988
22556.302157,-2960.823768,-2146.597232,-5822.325785
22556.302490,-2960.823768,-7698.141797,-7737.564530
22556.302823,-2516.700203,-4811.338623,-10342.289223
22556.303156,-3627.009116,-12213.398043,-8273.831378
22556.303489,-370.102971,-15988.448347,-4366.744339
22556.303822,-1406.391290,-16580.613101,-689.485948
22556.304155,296.082377,-8364.327145,5515.887586
22556.304488,4515.256246,-7994.224174,2374.896044
22556.304821,3849.070898,-13249.686362,4749.792088
22556.305154,1480.411884,-6587.832884,3677.258390
22556.305486,222.061783,-4959.379811,1915.238745
22556.305819,3552.988522,-11621.233289,8886.707777
22556.306152,5847.626942,-740.205942,4903.011187
22556.306485,-370.102971,-7105.977043,-1608.800546
22556.306818,-4071.132681,-3182.885551,-9499.584175
22556.307151,-4737.318029,-15766.386565,-8580.269578
22556.307484,0.000000,-15470.304188,2451.505594
22556.307817,1258.350101,-6439.791695,2221.676944
22556.308150,-3108.864956,-6069.688724,-3753.867940
22556.308483,296.082377,-5699.585753,-6128.763984
22556.308816,3478.967927,-13027.624579,-1302.362347
22556.309149,2664.741391,-15766.386565,3677.258390
22556.309482,1110.308913,-11399.171507,0.000000
22556.309815,-4737.318029,-9548.656652,1302.362347
22556.310147,-74.020594,-7105.977043,-76.609550
22556.310480,3478.967927,-8290.306550,5439.278036
22556.310813,1998.556043,-4737.318029,-76.609550
22556.311146,-2220.617826,-3923.091493,-3140.991542
22556.311479,-3330.926739,-10732.986159,-1455.581446
22556.311812,2072.576638,-9252.574275,4673.182538
22556.312145,2886.803174,-10658.965565,10955.165621
22556.312478,1184.329507,-3627.009116,2451.505594
22556.312811,0.000000,-8364.327145,-2451.505594
22556.313144,3182.885551,-15396.283594,-1302.362347
22556.313477,888.247130,-13101.645173,0.000000
22556.313810,-1998.556043,-11843.295072,-689.485948
22556.314143,-2368.659014,-10288.862594,-2834.553343
22556.314475,-2664.741391,-7624.121203,-306.438199
22556.314808,296.082377,-4293.194464,-612.876398
22556.315141,814.226536,-8142.265362,-2528.115143
22556.315474,-1776.494261,-10140.821405,4443.353888
22556.315807,-814.226536,-4737.318029,4826.401637
22556.316140,-74.020594,-9474.636058,2834.553343
22556.316473,2368.659014,-8364.327145,7660.954980
22556.316806,370.102971,-5403.503377,1225.752797
22556.317138,4515.256246,-9474.636058,1225.752797
22556.317471,1110.308913,-8808.450710,766.095498
22556.317804,740.205942,-8438.347739,-3217.601092
22556.318137,-74.020594,-11843.295072,-1685.410096
22556.318470,-666.185348,-8956.491898,-3753.867940
22556.318803,-1480.411884,-9474.636058,-5592.497135
22556.319136,1184.329507,-7994.224174,-1302.362347
22556.319469,296.082377,-14434.015869,3830.477490
22556.319801,-74.020594,-11251.130318,1149.143247
22556.320134,0.000000,-7179.997637,0.000000
22556.320467,0.000000,-8956.491898,5669.106685
22556.320800,6883.915261,-4737.318029,6052.154434
22556.321133,1184.329507,-7772.162391,6741.640382
22556.321466,1998.556043,-8364.327145,1838.629195
22556.321799,-1776.494261,-7624.121203,-2374.896044
22556.322132,-1110.308913,-9622.677246,-2604.724693
22556.322464,1702.473667,-8882.471304,-2068.457845
22556.322797,-74.020594,-7402.059420,-6588.421283
22556.323130,-2368.659014,-11029.068536,-4060.306139
22556.323463,-1850.514855,-13619.789333,-689.485948
22556.323796,-962.267725,-8290.306550,-3370.820191
22556.324129,4367.215058,-10658.965565,1762.019645
22556.324462,296.082377,-14285.974681,3370.820191
22556.324795,3404.947333,-8586.388927,3907.087040
22556.325127,3701.029710,-12139.377449,10112.460574
22556.325460,4737.318029,-5995.668130,9193.145976
22556.325793,5255.462188,-3923.091493,2451.505594
22556.326126,1702.473667,-9474.636058,-76.609550
22556.326459,-2368.659014,-4811.338623,-4903.011187
22556.326792,-6143.709319,-8364.327145,-6128.763984
22556.327125,-2368.659014,-8956.491898,-1608.800546
22556.327458,-1850.514855,-8882.471304,-76.609550
22556.327790,74.020594,-10214.842000,-1838.629195
22556.328123,-962.267725,-10658.965565,-1225.752797
22556.328456,1036.288319,-13619.789333,1149.143247
22556.328789,1776.494261,-11917.315666,5056.230287
22556.329122,5847.626942,-14211.954086,9116.536426
22556.329455,1480.411884,-3034.844362,4903.011187
22556.329788,-592.164754,-5921.647536,4826.401637
22556.330121,-74.020594,-4293.194464,-3370.820191
22556.330453,3182.885551,-8068.244768,536.266849
22556.330786,1924.535449,-7254.018232,3217.601092
22556.331119,-1110.308913,-4219.173869,-3983.696590
22556.331452,-3108.864956,-7846.182985,-4290.134789
22556.331785,1480.411884,-17172.777854,-76.609550
22556.332118,370.102971,-14285.974681,1225.752797
22556.332451,0.000000,-9844.739029,1225.752797
22556.332784,-1554.432478,-13027.624579,-76.609550
22556.333117,-74.020594,-6809.894666,2451.505594
22556.333449,3775.050304,-5551.544565,3140.991542
22556.333782,4145.153275,-10066.800811,4596.572988
22556.334115,222.061783,-8808.450710,536.266849
22556.334448,-3701.029710,-7179.997637,-2451.505594
22556.334781,-1628.453072,-8142.265362,-1608.800546
22556.335114,740.205942,-5329.482782,-1991.848295
22556.335447,370.102971,-6291.750507,-1991.848295
22556.335780,-592.164754,-12509.480420,-1915.238745
22556.336112,-1258.350101,-7698.141797,-4519.963438
22556.336445,0.000000,-13693.809927,306.438199
22556.336778,5699.585753,-13619.789333,7277.907231
22556.337111,2368.659014,-6143.709319,4290.134789
22556.337444,2368.659014,-9548.656652,2757.943793
22556.337777,3478.967927,-9770.718434,-2451.505594
22556.338110,444.123565,-15618.345376,2145.067394
22556.338443,-592.164754,-9474.636058,1838.629195
22556.338775,-3849.070898,-6661.853478,-2451.505594
22556.339108,-4441.235652,-1850.514855,-5515.887586
22556.339441,-74.020594,-9178.553681,-5286.058936
22556.339774,0.000000,-10658.965565,-76.609550
22556.340107,-2368.659014,-7772.162391,0.000000
22556.340440,1406.391290,-11843.295072,2987.772442
22556.340773,1184.329507,-9548.656652,4290.134789
22556.341106,4589.276840,-13027.624579,7737.564530
22556.341438,2960.823768,-7328.038826,5439.278036
22556.341771,1998.556043,-9326.594869,459.657299
22556.342104,592.164754,-7994.224174,1149.143247
22556.342437,2294.638420,-7105.977043,-2528.115143
22556.342770,-2368.659014,-8956.491898,612.876398
22556.343103,-3552.988522,-8956.491898,-2757.943793
22556.343436,-74.020594,-8290.306550,-2528.115143
22556.343769,-296.082377,-9474.636058,-689.485948
22556.344101,3182.885551,-14656.077652,4749.792088
22556.344434,1332.370696,-10362.883188,2834.553343
22556.344767,-2886.803174,-8956.491898,-689.485948
22556.345100,-814.226536,-7698.141797,-689.485948
22556.345433,0.000000,-5995.668130,-4596.572988
22556.345766,4737.318029,-11917.315666,6052.154434
22556.346099,1702.473667,-7698.141797,2451.505594
22556.346432,-3552.988522,-7179.997637,-2451.505594
22556.346764,-1406.391290,-11251.130318,-3140.991542
22556.347097,-2220.617826,-9548.656652,-2834.553343
22556.347430,-1480.411884,-8290.306550,-2221.676944
22556.347763,2442.679609,-7254.018232,-919.314598
22556.348096,1110.308913,-7920.203579,-1302.362347
22556.348429,592.164754,-6291.750507,2604.724693
22556.348762,2738.761985,-9178.553681,1608.800546
22556.349095,2664.741391,-11325.150913,2145.067394
22556.349427,2368.659014,-10362.883188,1838.629195
22556.349760,1776.494261,-7031.956449,-1302.362347
22556.350093,2294.638420,-12287.418637,-3907.087040
22556.350426,0.000000,-9548.656652,-6741.640382
22556.350759,-1184.329507,-18949.272115,2987.772442
22556.351092,-1628.453072,-8068.244768,-1838.629195
22556.351425,-6291.750507,-6217.729913,-8044.002729
22556.351758,-3849.070898,-8290.306550,-6741.640382
22556.352090,1184.329507,-12953.603985,2911.162892
22556.352423,3849.070898,-10658.965565,6665.030833
22556.352756,2368.659014,-4811.338623,6435.202183
22556.353089,1110.308913,-4811.338623,1225.752797
22556.353422,2368.659014,-7179.997637,4136.915689
22556.353755,4663.297435,-11843.295072,3294.210641
22556.354088,2294.638420,-12139.377449,1762.019645
22556.354421,814.226536,-6365.771101,-2528.115143
22556.354753,-2368.659014,-10066.800811,-3753.867940
22556.355086,1702.473667,-8956.491898,1149.143247
22556.355419,0.000000,-6883.915261,995.924147
22556.355752,-74.020594,-10066.800811,-2068.457845
22556.356085,0.000000,-11917.315666,0.000000
22556.356418,296.082377,-14063.912898,3600.648841
22556.356751,-1850.514855,-13471.748144,5822.325785
22556.357084,0.000000,-5995.668130,6128.763984
22556.357416,-74.020594,-2516.700203,2604.724693
22556.357749,1776.494261,-4219.173869,3677.258390
22556.358082,2590.720797,-9104.533087,2757.943793
22556.358415,518.144159,-8882.471304,536.266849
22556.358748,-4811.338623,-7994.224174,-3140.991542
22556.359081,-4737.318029,-5699.585753,-1302.362347
22556.359414,-1258.350101,-9474.636058,-3140.991542
22556.359747,-1184.329507,-9548.656652,-3677.258390
22556.360079,3849.070898,-13915.871710,2987.772442
22556.360412,592.164754,-10140.821405,3140.991542
22556.360745,2442.679609,-7031.956449,1685.410096
22556.361078,2960.823768,-9844.739029,4903.011187
22556.361411,4589.276840,-9770.718434,6281.983084
22556.361744,2368.659014,-7179.997637,2451.505594
22556.362077,3478.967927,-9474.636058,-3753.867940
22556.362410,-3404.947333,-9548.656652,-6435.202183
22556.362742,0.000000,-12509.480420,1608.800546
22556.363075,-74.020594,-8882.471304,1762.019645
22556.363408,-4737.318029,-6143.709319,-4290.134789
22556.363741,-3034.844362,-9474.636058,-4979.620737
22556.364074,0.000000,-11917.315666,1762.019645
22556.364407,1554.432478,-12435.459826,4826.401637
22556.364740,0.000000,-7179.997637,4903.011187
22556.365073,888.247130,-8142.265362,5439.278036
22556.365405,666.185348,-7328.038826,4979.620737
22556.365738,5699.585753,-7328.038826,3064.381992
22556.366071,3478.967927,-8290.306550,-76.609550
22556.366404,0.000000,-8660.409521,-1838.629195
22556.366737,-2516.700203,-10362.883188,-1302.362347
22556.367070,-2442.679609,-8290.306550,-6511.811733
22556.367403,-2664.741391,-11325.150913,-4290.134789
22556.367736,1702.473667,-11695.253884,2987.772442
22556.368068,0.000000,-7179.997637,-612.876398
22556.368401,518.144159,-8586.388927,612.876398
22556.368734,1998.556043,-12361.439231,5209.449386
22556.369067,2368.659014,-10732.986159,9806.022374
22556.369400,0.000000,-3627.009116,5515.887586
22556.369733,2294.638420,-7105.977043,383.047749
22556.370066,-1480.411884,-4811.338623,0.000000
22556.370399,592.164754,-9474.636058,2374.896044
22556.370731,1998.556043,-5033.400406,1149.143247
22556.371064,-3256.906145,-7698.141797,-4213.525239
22556.371397,-5033.400406,-7105.977043,-6052.154434
22556.371730,-3182.885551,-9178.553681,-4519.963438
22556.372063,-1480.411884,-13915.871710,-2757.943793
22556.372396,0.000000,-10732.986159,4290.134789
22556.372729,3478.967927,-9474.636058,2834.553343
22556.373062,0.000000,-5995.668130,4290.134789
22556.373394,4737.318029,-9252.574275,3600.648841
22556.373727,4293.194464,-10288.862594,4903.011187
22556.374060,2294.638420,-2368.659014,-1608.800546
22556.374393,74.020594,-9844.739029,-4060.306139
22556.374726,2220.617826,-11399.171507,-1455.581446
22556.375059,-370.102971,-14211.954086,-1762.019645
22556.375392,-2072.576638,-9474.636058,-76.609550
22556.375725,-3849.070898,-6513.812290,-8350.440928
22556.376057,-4441.235652,-10140.821405,-4290.134789
22556.376390,3034.844362,-10066.800811,-76.609550
22556.376723,4663.297435,-15396.283594,3600.648841
22556.377056,2812.782580,-11103.089130,7354.516781
22556.377389,-1184.329507,-6809.894666,4519.963438
22556.377722,0.000000,-9844.739029,6128.763984
22556.378055,2960.823768,-7179.997637,3064.381992
22556.378388,2294.638420,-8290.306550,-2528.115143
22556.378720,-2368.659014,-7328.038826,-2068.457845
22556.379053,-2960.823768,-9252.574275,-76.609550
22556.379386,-666.185348,-4589.276840,-5286.058936
22556.379719,518.144159,-7105.977043,-3447.429741
22556.380052,-1480.411884,-9696.697840,-2987.772442
22556.380385,-370.102971,-8956.491898,-6971.469032
22556.380718,444.123565,-13027.624579,-2528.115143
22556.381051,2664.741391,-16654.633695,4290.134789
22556.381383,3775.050304,-11621.233289,7048.078582
22556.381716,222.061783,-8142.265362,4979.620737
22556.382049,-518.144159,-10066.800811,1991.848295
22556.382382,518.144159,-3997.112087,-2221.676944
22556.382715,0.000000,-8364.327145,2451.505594
22556.383048,1702.473667,-4441.235652,842.705048
22556.383381,-5255.462188,-3627.009116,-2451.505594
22556.383714,-2368.659014,-8142.265362,-842.705048
22556.384047,-74.020594,-11843.295072,-689.485948
22556.384379,0.000000,-7772.162391,-2451.505594
22556.384712,2442.679609,-9918.759623,-3600.648841
22556.385045,222.061783,-15470.304188,1455.581446
22556.385378,1406.391290,-8882.471304,306.438199
22556.385711,4293.194464,-11547.212695,3600.648841
22556.386044,4071.132681,-10066.800811,842.705048
22556.386377,592.164754,-8956.491898,0.000000
22556.386710,444.123565,-14211.954086,2374.896044
22556.387042,-2442.679609,-8364.327145,-1838.629195
22556.387375,-296.082377,-10066.800811,2374.896044
22556.387708,1406.391290,-5403.503377,4136.915689
22556.388041,1554.432478,-4219.173869,0.000000
22556.388374,-2442.679609,-7402.059420,-689.485948
22556.388707,-1258.350101,-7698.141797,-3753.867940
22556.389040,1702.473667,-16654.633695,2451.505594
22556.389373,4293.194464,-7994.224174,6052.154434
22556.389705,-74.020594,-8882.471304,-76.609550
22556.390038,-1702.473667,-7920.203579,-4290.134789
22556.390371,2294.638420,-10658.965565,-5898.935335
22556.390704,1924.535449,-16432.571912,3524.039291
22556.391037,1480.411884,-10658.965565,2451.505594
22556.391370,-5773.606348,-9030.512492,-1608.800546
22556.391703,-1776.494261,-2738.761985,0.000000
22556.392036,2368.659014,-6957.935855,6281.983084
22556.392368,6439.791695,-6513.812290,4826.401637
22556.392701,3849.070898,-8068.244768,3064.381992
22556.393034,0.000000,-15470.304188,11568.042020
22556.393367,-74.020594,-9770.718434,4213.525239
22556.393700,296.082377,-8512.368333,4903.011187
22556.394033,2294.638420,-5477.523971,229.828649
22556.394366,-2146.597232,-6291.750507,-6358.592633
22556.394699,-3256.906145,-11473.192101,-5515.887586
22556.395031,-4515.256246,-17320.819043,-3294.210641
22556.395364,-2072.576638,-11991.336260,3907.087040
22556.395697,-1110.308913,-3330.926739,3983.696590
22556.396030,-962.267725,-7698.141797,-76.609550
22556.396363,592.164754,-6809.894666,-229.828649
22556.396696,592.164754,-8364.327145,5209.449386
22556.397029,4293.194464,-12435.459826,9729.412825
22556.397362,4071.132681,-7698.141797,6818.249932
22556.397694,1998.556043,-7105.977043,7277.907231
22556.398027,1110.308913,-4441.235652,2374.896044
22556.398360,2960.823768,-6365.771101,-4903.011187
22556.398693,2072.576638,-11917.315666,-3830.477490
22556.399026,0.000000,-9548.656652,-3677.258390
22556.399359,-4811.338623,-8882.471304,-6818.249932
22556.399692,-7698.141797,-14285.974681,-6128.763984
22556.400025,0.000000,-14656.077652,-689.485948
22556.400357,2294.638420,-11695.253884,1762.019645
22556.400690,0.000000,-4811.338623,0.000000
22556.401023,1702.473667,-8808.450710,612.876398
22556.401356,740.205942,-10807.006753,6971.469032
22556.401689,5773.606348,-9844.739029,13023.623466
22556.402022,2294.638420,-5181.441594,5056.230287
22556.402355,-74.020594,-4737.318029,-3140.991542
22556.402688,1184.329507,-7994.224174,-76.609550
22556.403020,-74.020594,-11695.253884,-5056.230287
22556.403353,-2368.659014,-9548.656652,-4136.915689
22556.403686,-2738.761985,-10066.800811,-5669.106685
22556.404019,-3404.947333,-10288.862594,-5822.325785
22556.404352,370.102971,-7105.977043,-4213.525239
22556.404685,0.000000,-9844.739029,-4060.306139
22556.405018,1036.288319,-12509.480420,-766.095498
22556.405351,2960.823768,-11917.315666,1225.752797
22556.405683,5847.626942,-15100.201217,4826.401637
22556.406016,2368.659014,-1850.514855,3064.381992
22556.406349,1332.370696,-7105.977043,1762.019645
22556.406682,1110.308913,-9474.636058,-1072.533697
22556.407015,-444.123565,-8586.388927,-842.705048
22556.407348,-962.267725,-3923.091493,-3064.381992
22556.407681,-74.020594,-8364.327145,-1302.362347
22556.408014,-222.061783,-14508.036463,229.828649
22556.408346,-1406.391290,-10066.800811,-995.924147
22556.408679,-5107.421000,-7179.997637,-3677.258390
22556.409012,0.000000,-11547.212695,-76.609550
22556.409345,3478.967927,-11251.130318,2987.772442
22556.409678,814.226536,-5403.503377,2451.505594
22556.410011,2294.638420,-5403.503377,0.000000
22556.410344,1702.473667,-11547.212695,3600.648841
22556.410677,666.185348,-5921.647536,-76.609550
22556.411009,-2220.617826,-6217.729913,-4979.620737
22556.411342,-444.123565,-8734.430116,-4673.182538
22556.411675,1480.411884,-8364.327145,-3753.867940
22556.412008,444.123565,-9548.656652,0.000000
22556.412341,1850.514855,-6217.729913,-76.609550
22556.412674,-74.020594,-17468.860231,2221.676944
22556.413007,3478.967927,-9474.636058,-1915.238745
22556.413340,0.000000,-10140.821405,1225.752797
22556.413672,0.000000,-10140.821405,2834.553343
22556.414005,3478.967927,-12435.459826,3600.648841
22556.414338,1480.411884,-9548.656652,4903.011187
22556.414671,-1480.411884,-8068.244768,2374.896044
22556.415004,-4515.256246,-4811.338623,-2834.553343
22556.415337,1110.308913,-8438.347739,-1302.362347
22556.415670,-222.061783,-6957.935855,-766.095498
22556.416003,-1406.391290,-7402.059420,-2528.115143
22556.416336,-4145.153275,-9548.656652,1532.190996
22556.416668,-74.020594,-8882.471304,-76.609550
22556.417001,7031.956449,-7698.141797,3447.429741
22556.417334,6439.791695,-9104.533087,4979.620737
22556.417667,0.000000,-7772.162391,0.000000
22556.418000,-666.185348,-10881.027347,-1608.800546
22556.418333,-666.185348,-16580.613101,383.047749
22556.418666,1184.329507,-11029.068536,4903.011187
22556.418999,-74.020594,-4589.276840,2068.457845
22556.419331,-74.020594,-9474.636058,-689.485948
22556.419664,-4219.173869,-9474.636058,-4519.963438
22556.419997,-5329.482782,-5403.503377,-4290.134789
22556.420330,2960.823768,-10881.027347,7814.174080
22556.420663,6439.791695,-7550.100608,8810.098227
22556.420996,0.000000,-4811.338623,3217.601092
22556.421329,-814.226536,-10214.842000,3370.820191
22556.421662,1702.473667,-10510.924376,229.828649
22556.421995,2368.659014,-10732.986159,3370.820191
22556.422327,3478.967927,-8068.244768,3370.820191
22556.422660,-4737.318029,-7179.997637,2451.505594
22556.422993,-74.020594,-9474.636058,-1915.238745
22556.423326,-666.185348,-9474.636058,-1302.362347
22556.423659,-74.020594,-6439.791695,-4060.306139
22556.423992,-2368.659014,-11843.295072,-612.876398
22556.424325,370.102971,-13101.645173,2145.067394
22556.424658,-2146.597232,-8512.368333,3524.039291
22556.424990,-74.020594,-7105.977043,6052.154434
22556.425323,1776.494261,-5995.668130,4903.011187
22556.425656,7476.080014,-4737.318029,6741.640382
22556.425989,3478.967927,-5921.647536,-76.609550
22556.426322,-2442.679609,-8290.306550,-5515.887586
22556.426655,-1850.514855,-14804.118840,-4673.182538
22556.426988,592.164754,-9770.718434,-3294.210641
22556.427321,-592.164754,-12065.356855,-3217.601092
22556.427654,-2146.597232,-14285.974681,-4826.401637
22556.427986,-2590.720797,-10362.883188,-8044.002729
22556.428319,-1480.411884,-12953.603985,-1149.143247
22556.428652,2516.700203,-6957.935855,3370.820191
22556.428985,3256.906145,-8364.327145,1225.752797
22556.429318,0.000000,-9844.739029,4903.011187
22556.429651,1036.288319,-4737.318029,842.705048
22556.429984,1702.473667,-10658.965565,1149.143247
22556.430317,6513.812290,-6587.832884,6281.983084
22556.430649,2886.803174,-9474.636058,-1302.362347
22556.430982,-3034.844362,-9548.656652,-4749.792088
22556.431315,-4515.256246,-11103.089130,-6665.030833
22556.431648,-3256.906145,-11843.295072,-4979.620737
22556.431981,1776.494261,-2368.659014,-4136.915689
22556.432314,1332.370696,-13027.624579,-76.609550
22556.432647,-74.020594,-13619.789333,-3753.867940
22556.432980,-2368.659014,-11917.315666,0.000000
22556.433313,0.000000,-9548.656652,5056.230287
22556.433645,5255.462188,-8290.306550,4826.401637
22556.433978,2960.823768,-4219.173869,4903.011187
22556.434311,2442.679609,-8882.471304,-689.485948
22556.434644,-2294.638420,-10658.965565,-689.485948
22556.434977,-1184.329507,-6587.832884,-4213.525239
22556.435310,1406.391290,-10955.047942,-1608.800546
22556.435643,-74.020594,-9474.636058,-76.609550
22556.435976,-6513.812290,-4811.338623,-4903.011187
22556.436308,-3108.864956,-13027.624579,-4979.620737
22556.436641,1998.556043,-11029.068536,0.000000
22556.436974,2960.823768,-11843.295072,6052.154434
22556.437307,2664.741391,-10362.883188,9729.412825
22556.437640,222.061783,-3923.091493,3447.429741
22556.437973,1332.370696,-2738.761985,2145.067394
22556.438306,4145.153275,-6069.688724,1225.752797
22556.438639,1184.329507,-9548.656652,-1685.410096
22556.438972,-74.020594,-13619.789333,-76.609550
22556.439304,-4219.173869,-11843.295072,-3600.648841
22556.439637,-5329.482782,-8364.327145,-2451.505594
22556.439970,-1480.411884,-7179.997637,-2451.505594
22556.440303,-74.020594,-11177.109724,-2987.772442
22556.440636,518.144159,-11473.192101,0.000000
22556.440969,-3849.070898,-9548.656652,-153.219100
22556.441302,2294.638420,-12435.459826,2987.772442
22556.441635,3552.988522,-7772.162391,13100.233016
22556.441967,4071.132681,1776.494261,1532.190996
22556.442300,0.000000,-4811.338623,0.000000
22556.442633,5551.544565,-13915.871710,1149.143247
22556.442966,3404.947333,-18653.189738,4290.134789
22556.443299,296.082377,-8290.306550,4060.306139
22556.443632,-3404.947333,-7179.997637,-1225.752797
22556.443965,-5033.400406,-8438.347739,-3677.258390
22556.444298,-370.102971,-8290.306550,-4366.744339
22556.444631,1776.494261,-11695.253884,2451.505594
22556.444963,3404.947333,-8290.306550,4903.011187
22556.445296,1184.329507,-7328.038826,7354.516781
22556.445629,1258.350101,-6735.874072,5209.449386
22556.445962,-74.020594,-10066.800811,3600.648841
22556.446295,0.000000,-9696.697840,2451.505594
22556.446628,4071.132681,-9474.636058,-2528.115143
22556.446961,-4737.318029,-8068.244768,0.000000
22556.447294,-1332.370696,-5107.421000,-1455.581446
22556.447626,-1406.391290,-8734.430116,995.924147
22556.447959,-1554.432478,-8216.285956,-2987.772442
22556.448292,0.000000,-9548.656652,-2145.067394
22556.448625,-74.020594,-14285.974681,1838.629195
22556.448958,0.000000,-14582.057057,3677.258390
22556.449291,0.000000,-9548.656652,10572.117872
22556.449624,-814.226536,-4737.318029,5439.278036
22556.449957,2368.659014,-3034.844362,8273.831378
22556.450290,8216.285956,-5921.647536,2374.896044
22556.450622,518.144159,-7179.997637,-4903.011187
22556.450955,-4219.173869,-9178.553681,-2528.115143
22556.451288,-4589.276840,-6143.709319,-3677.258390
22556.451621,148.041188,-5551.544565,-4136.915689
22556.451954,4515.256246,-13323.706956,-76.609550
22556.452287,-74.020594,-11843.295072,-5898.935335
22556.452620,-4737.318029,-13101.645173,-6741.640382
22556.452953,2146.597232,-12435.459826,-689.485948
22556.453285,1702.473667,-9474.636058,1225.752797
22556.453618,7402.059420,-14211.954086,10955.165621
22556.453951,3034.844362,-4663.297435,4519.963438
22556.454284,-1184.329507,-2664.741391,-5898.935335
22556.454617,2960.823768,-8734.430116,-1838.629195
22556.454950,4071.132681,-10362.883188,536.266849
22556.455283,-2368.659014,-13101.645173,-2451.505594
22556.455616,-6513.812290,-8734.430116,-2834.553343
22556.455949,-5699.585753,-11695.253884,-7737.564530
22556.456281,-74.020594,-6661.853478,-4903.011187
22556.456614,4367.215058,-7698.141797,-2528.115143
22556.456947,740.205942,-12139.377449,-995.924147
22556.457280,-296.082377,-11177.109724,229.828649
22556.457613,518.144159,-12583.501014,3370.820191
22556.457946,2368.659014,-5403.503377,6281.983084
22556.458279,5625.565159,-814.226536,2834.553343
22556.458612,814.226536,-9474.636058,-2221.676944
22556.458944,-1554.432478,-12213.398043,-7354.516781
22556.459277,-2664.741391,-13175.665768,-612.876398
22556.459610,2294.638420,-12731.542202,-76.609550
22556.459943,1998.556043,-10807.006753,4903.011187
22556.460276,-2072.576638,370.102971,-3677.258390
22556.460609,-6069.688724,-12731.542202,-4673.182538
22556.460942,1554.432478,-7402.059420,0.000000
22556.461275,5477.523971,-14804.118840,3294.210641
22556.461608,4959.379811,-10362.883188,10725.336972
22556.461940,-1628.453072,-6365.771101,6588.421283
22556.462273,-2738.761985,-4145.153275,-1608.800546
22556.462606,0.000000,-8364.327145,-2221.676944
22556.462939,4663.297435,-11917.315666,0.000000
22556.463272,1184.329507,-9252.574275,3294.210641
22556.463605,-2442.679609,-7105.977043,-3140.991542
22556.463938,-4219.173869,-7105.977043,-4979.620737
22556.464271,-666.185348,-11177.109724,229.828649
22556.464603,4737.318029,-9178.553681,3294.210641
22556.464936,2812.782580,-9844.739029,689.485948
22556.465269,-2442.679609,-10214.842000,-919.314598
22556.465602,1702.473667,-9474.636058,2987.772442
22556.465935,2960.823768,-9548.656652,10418.898773
22556.466268,4959.379811,0.000000,-76.609550
22556.466601,2294.638420,-9548.656652,-2451.505594
22556.466934,0.000000,-11917.315666,-1225.752797
22556.467267,-666.185348,-19689.478057,0.000000
22556.467599,-814.226536,-10214.842000,4673.182538
22556.467932,-1850.514855,-5181.441594,-229.828649
22556.468265,-1702.473667,-6217.729913,-1455.581446
22556.468598,-370.102971,-8956.491898,-2681.334243
22556.468931,0.000000,-15396.283594,3600.648841
22556.469264,2886.803174,-14211.954086,10955.165621
22556.469597,2886.803174,-4811.338623,8580.269578
22556.469930,3256.906145,-4589.276840,8273.831378
22556.470262,1776.494261,-2738.761985,3524.039291
22556.470595,1554.432478,-8290.306550,-2681.334243
22556.470928,888.247130,-11991.336260,-3140.991542
22556.471261,-814.226536,-9474.636058,-995.924147
22556.471594,-3552.988522,-7179.997637,0.000000
22556.471927,-370.102971,-9474.636058,-2528.115143
22556.472260,-3108.864956,-12213.398043,-4903.011187
22556.472593,-2960.823768,-7179.997637,-4903.011187
22556.472926,3478.967927,-11843.295072,2374.896044
22556.473258,2368.659014,-13693.809927,6128.763984
22556.473591,1702.473667,-12731.542202,10265.679673
22556.473924,-74.020594,-3404.947333,7048.078582
22556.474257,2442.679609,-4071.132681,3370.820191
22556.474590,4737.318029,-4811.338623,1532.190996
22556.474923,2442.679609,-10955.047942,-76.609550
22556.475256,-5995.668130,-12139.377449,-2451.505594
22556.475589,-4737.318029,-10362.883188,-2221.676944
22556.475921,-1850.514855,-4663.297435,-3753.867940
22556.476254,740.205942,-7179.997637,-1225.752797
22556.476587,2812.782580,-13027.624579,2374.896044
22556.476920,-74.020594,-12435.459826,-5132.839837
22556.477253,-2368.659014,-12657.521608,459.657299
22556.477586,4071.132681,-11843.295072,9729.412825
22556.477919,5403.503377,-2960.823768,7660.954980
22556.478252,5921.647536,-4737.318029,5898.935335
22556.478585,370.102971,-6735.874072,-459.657299
22556.478917,-4737.318029,-8956.491898,-9806.022374
22556.479250,-2368.659014,-11029.068536,-2451.505594
22556.479583,3478.967927,-9474.636058,-842.705048
22556.479916,-3256.906145,-11917.315666,-2145.067394
22556.480249,-4737.318029,-7179.997637,-4290.134789
22556.480582,-5181.441594,-10436.903782,-7584.345430
22556.480915,1184.329507,-7624.121203,-76.609550
22556.481248,4885.359217,-11177.109724,2834.553343
22556.481580,2072.576638,-9548.656652,4979.620737
22556.481913,-814.226536,-8882.471304,2987.772442
22556.482246,296.082377,-8956.491898,7277.907231
22556.482579,7624.121203,-7994.224174,2374.896044
22556.482912,2368.659014,-7328.038826,3140.991542
22556.483245,-148.041188,-7105.977043,-1302.362347
22556.483578,-3182.885551,-11399.171507,-4290.134789
22556.483911,-666.185348,-7920.203579,-3294.210641
22556.484244,1332.370696,-7772.162391,-1225.752797
22556.484576,1036.288319,-11917.315666,1455.581446
22556.484909,-4145.153275,-7402.059420,-5898.935335
22556.485242,-4071.132681,-14211.954086,-4366.744339
22556.485575,592.164754,-9548.656652,0.000000
22556.485908,7254.018232,-14211.954086,8350.440928
22556.486241,4959.379811,-7179.997637,7048.078582
22556.486574,-1702.473667,-1554.432478,-1072.533697
22556.486907,-2220.617826,-6513.812290,-4366.744339
22556.487240,1184.329507,-11473.192101,229.828649
22556.487572,1850.514855,-15396.283594,2374.896044
22556.487905,-2072.576638,-9400.615463,612.876398
22556.488238,-5995.668130,-7105.977043,-7048.078582
22556.488571,-2368.659014,-10140.821405,1302.362347
22556.488904,5847.626942,-9474.636058,6052.154434
22556.489237,3478.967927,-5107.421000,3677.258390
22556.489570,2368.659014,-8882.471304,1532.190996
22556.489903,0.000000,-10584.944971,4903.011187
22556.490235,222.061783,-3849.070898,3217.601092
22556.490568,4737.318029,0.000000,842.705048
22556.490901,5033.400406,-8808.450710,1532.190996
22556.491234,-148.041188,-12805.562797,-4903.011187
22556.491567,-5477.523971,-15618.345376,-4826.401637
22556.491900,-6883.915261,-12065.356855,-7814.174080
22556.492233,-3182.885551,-11769.274478,-2451.505594
22556.492566,1776.494261,-6291.750507,4903.011187
22556.492899,2886.803174,-8290.306550,3907.087040
22556.493231,-3775.050304,-6587.832884,0.000000
22556.493564,1776.494261,-11843.295072,4826.401637
22556.493897,4663.297435,-11251.130318,7890.783629
22556.494230,4737.318029,-4811.338623,9806.022374
22556.494563,444.123565,-3404.947333,3217.601092
22556.494896,-3923.091493,-9474.636058,-1608.800546
22556.495229,-74.020594,-9178.553681,-3677.258390
22556.495562,2294.638420,-13027.624579,-76.609550
22556.495894,4071.132681,-9326.594869,-1685.410096
22556.496227,-4737.318029,-8882.471304,-3677.258390
22556.496560,-2738.761985,-8290.306550,-6818.249932
22556.496893,-666.185348,-12139.377449,-2374.896044
22556.497226,2960.823768,-13027.624579,4826.401637
22556.497559,2368.659014,-10510.924376,2451.505594
22556.497892,148.041188,-9844.739029,4366.744339
22556.498225,814.226536,-7772.162391,1149.143247
22556.498558,3182.885551,-9770.718434,7431.126331
22556.498890,4663.297435,-74.020594,4903.011187
22556.499223,-74.020594,-3552.988522,-4979.620737
22556.499556,-5477.523971,-5995.668130,-9806.022374
22556.499889,-4145.153275,-18653.189738,-4979.620737
22556.500222,-74.020594,-14508.036463,536.266849
22556.500555,-1184.329507,-5847.626942,-1302.362347
22556.500888,-962.267725,-9326.594869,-1149.143247
22556.501221,-1406.391290,-10510.924376,-842.705048
22556.501553,1776.494261,-11917.315666,4290.134789
22556.501886,4737.318029,-10584.944971,10955.165621
22556.502219,7624.121203,-7105.977043,6971.469032
22556.502552,3849.070898,-4811.338623,6128.763984
22556.502885,1184.329507,-7920.203579,7277.907231
22556.503218,-74.020594,-6069.688724,536.266849
22556.503551,-3552.988522,-9030.512492,-2911.162892
22556.503884,-666.185348,-10881.027347,-1838.629195
22556.504217,-1850.514855,-10658.965565,-2451.505594
22556.504549,-1184.329507,-10140.821405,1532.190996
22556.504882,-1998.556043,-12287.418637,4060.306139
22556.505215,-1628.453072,-9474.636058,4290.134789
22556.505548,74.020594,-7402.059420,3447.429741
22556.505881,1406.391290,-14211.954086,8503.660028
22556.506214,2960.823768,-11251.130318,12180.918418
22556.506547,0.000000,-5107.421000,10418.898773
22556.506880,3775.050304,-5329.482782,9729.412825
22556.507212,-74.020594,-5921.647536,5592.497135
22556.507545,1702.473667,-6217.729913,6358.592633
22556.507878,-74.020594,-8290.306550,4213.525239
22556.508211,0.000000,-16136.489536,7737.564530
22556.508544,0.000000,-8660.409521,6358.592633
22556.508877,-2220.617826,-2590.720797,6511.811733
22556.509210,-74.020594,-6513.812290,6052.154434
22556.509543,0.000000,-13101.645173,14632.424012
22556.509876,2738.761985,-15248.242405,14019.547613
22556.510208,0.000000,-7179.997637,9806.022374
22556.510541,-2960.823768,-7476.080014,14709.033562
22556.510874,1702.473667,-5995.668130,13176.842566
22556.511207,3775.050304,-6957.935855,16624.272307
22556.511540,2294.638420,-740.205942,11414.822920
22556.511873,-2812.782580,-7254.018232,7277.907231
22556.512206,-3849.070898,-8364.327145,7048.078582
22556.512539,-74.020594,-11843.295072,8503.660028
22556.512871,-962.267725,-10732.986159,11031.775171
22556.513204,0.000000,-8956.491898,16394.443657
22556.513537,2294.638420,-8882.471304,15858.176809
22556.513870,296.082377,-8956.491898,15628.348159
